no.frames,yaw,pitch,roll
1,3.3500429331000574,4.73341749126897,0.37301279335449833
2,3.3171774331068957,4.694294228352961,0.34723742071909863
3,3.284702407656446,4.64552291640741,0.3430579586591379
4,3.2437628931702553,4.624358122701927,0.3342611820673461
5,3.192673260336986,4.5942491735798034,0.33950439271383237
6,3.1180716956761008,4.563133994096447,0.35216046625301134
7,3.014670617911887,4.5378057893360015,0.36126812316911194
8,2.9200673509207555,4.478928703546891,0.3815567195486352
9,2.8190964879307097,4.454104179382197,0.41551311122306966
10,2.6962889293880505,4.4632639643423335,0.4432748148973016
11,2.6033014685479507,4.4300428976877555,0.43415835344060516
12,2.5079462864007542,4.2603180345556275,0.4063234386772981
13,2.416018128553081,3.9222936764775365,0.3775960903431185
14,2.2966096358638124,3.5067079868414806,0.339048104067563
15,2.1605502658118763,3.189213527978808,0.29744656971126365
16,1.985405355451253,2.8848391046575346,0.27362441770597073
17,1.8231687650829578,2.78282243210494,0.28250232947337384
18,1.6678321784470551,2.7736516831519067,0.30885023737133316
19,1.5688471875422196,2.7242783351425173,0.30920994287530956
20,1.4916208788358338,2.5879420666886763,0.3232627900789426
21,1.396820327880965,2.388203392150744,0.3327660376720538
22,1.285096473202798,2.2103798740520846,0.33032533897762784
23,1.1138055888926437,2.139652781015677,0.35584698076131305
24,0.8483589477846797,2.0614354555954906,0.3970232558068365
25,0.3565821332206339,1.8411560234614668,0.4259859521791838
26,-0.3437462336098928,1.5793008702788123,0.4503444074284634
27,-1.4075830758346022,1.210975926490974,0.477524824660392
28,-2.463969141173468,0.8950474149670007,0.46890704704695485
29,-3.5671914964089844,0.7068449106669868,0.43184014458216446
30,-4.809995917946264,0.4683448904701279,0.38832415625480576
31,-5.749257188241048,0.25669902243190207,0.3634086403900743
32,-6.602819652790389,0.026306184714200466,0.3386739377726688
33,-7.470725284004149,-0.3386208437248336,0.3221942656961545
34,-8.168130706147512,-0.718906203502125,0.24926190703193188
35,-8.936210654250488,-1.1937555599658451,0.15858374333288397
36,-9.749158479430879,-1.7180568895259034,0.08182004213766574
37,-10.437895844281726,-2.1399352016906854,-0.0009752771275143382
38,-11.031704007599025,-2.590748016567176,-0.05551984217653312
39,-11.52872685040031,-3.075060841308594,-0.13521581224084173
40,-11.78330352904631,-3.3042170569445664,-0.1854755850766797
41,-11.8396691693104,-3.4622960891833845,-0.14340707656347884
42,-11.678803447203014,-3.682519650467123,-0.06384480544914897
43,-11.399939272377585,-3.8400111663439658,-0.0181618379207684
44,-11.049597541009524,-3.952852184421237,0.03508826539381979
45,-10.595311538956203,-4.053360842049719,0.08441120509478832
46,-10.163954668178404,-4.046957914584693,0.09556873248435394
47,-9.701997729583521,-3.996048309174758,0.08102492542080243
48,-9.32498019577568,-3.9640887940690828,0.03027658729328382
49,-8.954696711383997,-3.95865032977939,-0.04592672823838635
50,-8.534500010280057,-3.978792522597094,-0.12704561211456936
51,-8.125404964547094,-3.9200979846414983,-0.1402369750415452
52,-7.639268677930427,-3.82610855710873,-0.14788517263219253
53,-7.03860110054036,-3.765430421184612,-0.17556161900498865
54,-6.375851988543282,-3.7108691962309845,-0.185178231728377
55,-5.749998680585724,-3.600478028380796,-0.19658233961547633
56,-5.063662886852414,-3.4642798483626622,-0.2102409168231881
57,-4.483784580599672,-3.320966072513189,-0.2157812140137165
58,-3.912236799944621,-3.144156588449632,-0.21073962734687346
59,-3.3064084982501005,-2.963400976514392,-0.19557611402750988
60,-2.8094157884009734,-2.835831461984747,-0.19226896849718172
61,-2.3974278872308,-2.6779622683017292,-0.18223679479788596
62,-2.095083483072663,-2.56291650217066,-0.17058350507171327
63,-1.9772549025609716,-2.595270705748337,-0.15467155244085704
64,-1.9883373782368805,-2.6642532133176573,-0.16605291526475063
65,-2.1262085702344837,-2.6046865866943416,-0.14035110056396466
66,-2.3315976603237525,-2.5281845196757082,-0.0804642029168755
67,-2.5758616603036772,-2.5104323119247516,-0.01851634074166542
68,-2.8856738137115556,-2.517815532396729,0.040898591841324654
69,-3.170924435430303,-2.5338933235286194,0.07359868229444672
70,-3.4426193030506345,-2.553170722808189,0.08753012688945579
71,-3.7324322652488915,-2.5597833233638783,0.08071969467670917
72,-3.9750201476598597,-2.629868004356681,0.05701737780500992
73,-4.174745677931487,-2.7687865177766637,0.01851033431075141
74,-4.382610827898818,-2.85415553623116,-0.0042197690967307674
75,-4.5516750279793285,-2.8950812699488644,0.0032236497623340473
76,-4.7369687431185366,-2.9963494116930978,0.02933891038994065
77,-4.981493912980194,-3.100200324157077,0.05682885391455621
78,-5.2464917374551145,-3.1920821079548785,0.08322984919024413
79,-5.58836866125574,-3.2964363410674196,0.12956737928354164
80,-6.035842031262424,-3.3756867409902647,0.1667861734138221
81,-6.541539174666581,-3.495332890335339,0.19320901328833667
82,-7.105284016175958,-3.640772152940486,0.06878816812749708
83,-7.9239779325901285,-3.762771321565994,-0.12447164469203459
84,-8.733211714265694,-4.033491189362632,-0.1809836685472732
85,-9.486022868354116,-4.440369352543799,-0.21494288834686884
86,-10.232222009737576,-4.880806715271131,-0.27754091748680443
87,-10.780351204425783,-5.232891439694711,-0.29748002696552756
88,-11.206407051471695,-5.627477738369406,-0.36024583596466475
89,-11.43369946409998,-5.995927728964017,-0.42658372712478465
90,-11.560834122918452,-6.400569855318302,-0.44537432430342844
91,-11.590127692534999,-6.678341611773685,-0.4439808856922303
92,-11.587993333712289,-6.936971996787049,-0.4329873762217936
93,-11.635067683175617,-7.187725019102344,-0.41486152185813047
94,-11.780993198794913,-7.596368388148122,-0.354220221824327
95,-12.017725863304095,-7.950590552255507,-0.3064326972867166
96,-12.365354279986667,-8.24433921654644,-0.31503369291216965
97,-12.797708366482734,-8.491034008372514,-0.35349616842224196
98,-13.307193844420631,-8.706873638458008,-0.4063315762072427
99,-13.853045152519504,-8.933761500566495,-0.4975404802814463
100,-14.578671814921044,-9.150169209765151,-0.5877175989195296
101,-15.412405782119375,-9.36226209916781,-0.7537899642148692
102,-16.59158847317791,-9.51194423595928,-1.1016168545370562
103,-18.17406422939437,-9.506367953002512,-1.637278465251799
104,-19.672337169576664,-9.406133677520529,-2.121520511928429
105,-21.316442798919013,-8.980573311871307,-2.63320331485419
106,-23.1070313102059,-8.405471735084545,-3.247599741472461
107,-24.50260153647669,-7.783776245368772,-3.842761120445167
108,-25.69327251632088,-7.114131317443553,-4.340207575237295
109,-26.71283502174049,-6.515883921996858,-4.648564082835897
110,-27.348121466491904,-6.276288958090849,-4.796004465390616
111,-27.716329360075562,-6.350995135846304,-4.865972926987832
112,-27.964747529015284,-6.451238267714187,-4.921429168410972
113,-28.166711312526868,-6.443827659844814,-4.960884026659825
114,-28.454743473878136,-6.306815455863808,-5.01153877856642
115,-28.970627448732543,-5.948425988741982,-5.165292558383368
116,-29.49716129031207,-5.556522736146542,-5.345684292318435
117,-30.075996479047557,-5.163520963678398,-5.513083629469235
118,-30.74543832901058,-4.898234511374852,-5.553990382339782
119,-31.34131787447265,-4.692906834909309,-5.552471079796409
120,-31.925235663157068,-4.552444284282548,-5.49865163569326
121,-32.51033126367144,-4.434558203604605,-5.436558086040486
122,-32.98048866926116,-4.370064522265299,-5.3914360469709335
123,-33.306413792726715,-4.341978556282299,-5.372211681851352
124,-33.692561749818736,-4.109221094156896,-5.401541174652691
125,-34.06138473066146,-3.896456225454065,-5.4388112129929755
126,-34.4944260985625,-3.5819341036351986,-5.566737978840456
127,-34.94365735149278,-3.2419726605451378,-5.652337267537909
128,-35.46077863050423,-2.9126010359367234,-5.716503097134223
129,-36.117108573563826,-2.5817007009342263,-5.7694024381875
130,-36.63983082204645,-2.407595156234096,-5.846987907414499
131,-36.992696180643435,-2.3549918635971796,-5.930568751214987
132,-37.183775953208894,-2.367922583937162,-5.949073154422158
133,-37.18528891805339,-2.4931056876072626,-5.8988952389698905
134,-36.94941104195466,-2.628406972337943,-5.872271372231353
135,-36.52194793325212,-2.751311454945806,-5.755455500759599
136,-36.0284304766685,-2.950523596461783,-5.583082905680571
137,-35.49196257790797,-2.9470126372687635,-5.4692031980586036
138,-35.03403525608378,-2.8464811160363124,-5.263802565619279
139,-34.584673432747174,-2.8515999575079523,-5.078889209728777
140,-34.20126349917578,-2.846965636515865,-5.008729840455888
141,-33.76446987138711,-2.9406489837104495,-4.8939630471295645
142,-33.13339636254699,-3.113847402807899,-4.741019505083711
143,-32.4646250976041,-3.287436213075876,-4.4963513769671275
144,-31.511431405665416,-3.6861763926943,-4.105777825462609
145,-30.494757162515825,-3.975279908077301,-3.900747780991657
146,-29.38647816450428,-4.261267789649585,-3.7646781656839075
147,-28.034681276318295,-4.713179427907953,-3.430934588795185
148,-26.84883053243931,-4.9703983351251315,-3.124859251292737
149,-25.615762449079202,-5.252072047330628,-2.82831743160581
150,-24.25602745355979,-5.552608748937454,-2.4431725525287673
151,-23.240637044657667,-5.642315591081548,-2.125886058119184
152,-22.299067633688406,-5.83717719829847,-1.897168023418042
153,-21.19790983515859,-6.137538237528409,-1.7748731420638488
154,-20.253873020362988,-6.1627896020365895,-1.755217936198203
155,-19.328671175221395,-6.208451018216907,-1.7311708169673554
156,-18.299967894838673,-6.469813544918382,-1.5763885304220997
157,-17.412242850247846,-6.662656387952218,-1.3971223115259588
158,-16.597425170512544,-6.6175424933601175,-1.2902352656600031
159,-15.719224340824642,-6.65592731630536,-1.2179659095612907
160,-14.891087759113438,-6.97175088401166,-1.130687194015287
161,-14.10626517382276,-7.5271733640411425,-1.0065864140483345
162,-13.202261749603492,-8.172897346923115,-0.8988227858591441
163,-12.416969485099688,-8.599768792345323,-0.849453325500308
164,-11.566289780829182,-8.932286231748236,-0.760862838438435
165,-10.634785230324699,-9.144773550661334,-0.6219993317091911
166,-9.858921264773667,-9.367420417570536,-0.47439142206448714
167,-9.057513137922136,-9.69063013449376,-0.30785284300438853
168,-8.423001559401996,-9.918967150257117,-0.17778862082698493
169,-7.832038949614903,-10.191328354215397,-0.0851252600072119
170,-7.375179652891326,-10.528048916438989,-0.06075654613411694
171,-7.01288968918653,-10.902942758987509,-0.1091940258605711
172,-6.7863328085285275,-11.285894232963527,-0.21239813599085633
173,-6.6391466858818164,-11.650592988222737,-0.2988299764822678
174,-6.580007062564136,-11.896423716604893,-0.3286424177438112
175,-6.56700273231888,-12.052171120581304,-0.33526159132243416
176,-6.557054269974196,-12.08459643984563,-0.3828754262864734
177,-6.524603578073494,-12.129089443626539,-0.4488885099398874
178,-6.46244072271367,-12.258997266153042,-0.47772855639369294
179,-6.385760324071388,-12.389570154888698,-0.455875313109023
180,-6.312573778990398,-12.555168825579369,-0.3911816298845244
181,-6.2748248940758735,-12.760073488616186,-0.3233052919976367
182,-6.2641447576501434,-12.901745602824422,-0.2766566214458764
183,-6.278049126476192,-12.95680628410725,-0.27282699313225434
184,-6.307421640076111,-13.04696190057094,-0.25532303281933927
185,-6.334133709536677,-13.186670072278579,-0.24540722579825094
186,-6.35282009183757,-13.325958620367755,-0.26970292868546614
187,-6.354868738340981,-13.525995778520345,-0.30582646464605867
188,-6.330672131285097,-13.723849101270158,-0.31877556930452056
189,-6.285942228226634,-13.79951144598457,-0.2885232478587272
190,-6.250347311983166,-13.894517809087105,-0.237990921130598
191,-6.239130342713813,-14.034351577906943,-0.17782475946406667
192,-6.2672443407904455,-14.13254293667447,-0.13712031441298528
193,-6.3203047621487185,-14.247875169492321,-0.10484076750533505
194,-6.380803808461684,-14.390120611729653,-0.08625235459528138
195,-6.4227254613876985,-14.401533455226456,-0.06638063320264843
196,-6.448640853088849,-14.42441302799318,-0.02389673880383614
197,-6.468268628957588,-14.455008734775769,0.03784253913558555
198,-6.485512435346167,-14.420414093302947,0.085041003221753
199,-6.491113662845908,-14.395529930729932,0.07874875824370661
200,-6.467532670097018,-14.407691855202318,0.05915633422104846
201,-6.432140953631758,-14.405620493626275,0.065915366593014
202,-6.387400827859871,-14.355453030573319,0.06792824465576369
203,-6.368694861064982,-14.28228728182195,0.0824866859330024
204,-6.399324189451049,-14.220694608798096,0.09614496298592115
205,-6.473892054752429,-14.187400419981836,0.12120858856575042
206,-6.601806642131377,-14.152343602067225,0.1218608449413408
207,-6.763830994433652,-14.073752795448513,0.1300922899856059
208,-6.980185320188982,-13.977696103711791,0.1308762009235291
209,-7.215100006810848,-13.864864005510508,0.11276321986543414
210,-7.438791087502912,-13.751883455865954,0.08611256250300399
211,-7.707382815822228,-13.628298557846641,0.07127256935978943
212,-7.927361391613684,-13.547477845343531,0.07751645606562418
213,-8.133828363756367,-13.501857787791748,0.08470797147371793
214,-8.342918174403938,-13.44683979368538,0.11724478438953401
215,-8.528226702828347,-13.392846291813909,0.15444340811772236
216,-8.723073069869779,-13.363795007075433,0.15886152658868058
217,-8.947898056619811,-13.359773014165317,0.11727544019906293
218,-9.15359067433674,-13.334695912699326,0.09919036686661391
219,-9.36176608598237,-13.30743748937193,0.08324851881837109
220,-9.574555427779888,-13.240751435358154,0.04152301052738743
221,-9.812743788179178,-13.159777677714382,-0.06856409923944119
222,-10.057705293872136,-13.066839711089404,-0.18156714278451241
223,-10.362139139468578,-12.901431425205722,-0.29961771606132886
224,-10.789474703711239,-12.71406304833614,-0.4484270452909648
225,-11.273247725680504,-12.529530807470174,-0.6245699907588957
226,-11.920173847826607,-12.359783780166927,-0.8255982498492722
227,-12.559117021649348,-12.16783508606856,-1.0483392480202234
228,-13.250547135775484,-11.941891815462773,-1.2664287812816077
229,-14.003021856994266,-11.683954506104541,-1.516086549718792
230,-14.622112170867517,-11.35030265554989,-1.760960724997422
231,-15.142000011507035,-11.007121093686825,-2.0054518012957945
232,-15.62259611593548,-10.551369020866721,-2.2885476867526293
233,-15.985135810460132,-10.12558844914907,-2.5445261185120174
234,-16.285614112619488,-9.68862810591806,-2.8025395142073886
235,-16.489622755394237,-9.265326287720118,-3.0709021123743367
236,-16.611253600885814,-8.85772875415572,-3.315501474879796
237,-16.680611907790887,-8.490963141509031,-3.526210797095485
238,-16.75903838837765,-7.989903256037675,-3.7751471095828064
239,-16.884095647446262,-7.512830704065813,-4.003496264070572
240,-17.081023173557092,-7.01971609181959,-4.277640803775007
241,-17.34839135185817,-6.53926128807725,-4.582731843054457
242,-17.658795568721985,-6.150274104950423,-4.809753876403701
243,-18.04796303435649,-5.82899968789644,-4.9763888427729395
244,-18.471994400559822,-5.68616485797931,-5.060317347646905
245,-18.768893449403716,-5.62909565256985,-5.106273998414042
246,-18.95976719727294,-5.654312488911379,-5.073077952206183
247,-18.980641100918987,-5.634849706793538,-5.025627438818988
248,-18.9080277259863,-5.567509094107858,-4.976453301808084
249,-18.732612564530168,-5.544512137223041,-4.921943144320559
250,-18.44210654709363,-5.411826623959089,-4.899995433822563
251,-18.13365805578828,-5.293967010479149,-4.8922281649895645
252,-17.7424064872225,-5.260185097298814,-4.86378473484113
253,-17.25300304036884,-5.14949559471955,-4.809652705600196
254,-16.78929577791891,-5.111661954262713,-4.7300774531613445
255,-16.147288278965423,-5.177201516813387,-4.610393310580428
256,-15.500120537745936,-5.151970597210367,-4.531804992524489
257,-14.814159667343555,-5.165399280955956,-4.445506895027407
258,-13.997372390891716,-5.207978080066946,-4.325207367392011
259,-13.262425859671158,-5.219708213747985,-4.243948850569904
260,-12.494246873020819,-5.298216276429338,-4.220436134854629
261,-11.705806925474993,-5.392862022810092,-4.17834824270771
262,-10.819586691012262,-5.5102593141055785,-4.068784815130518
263,-10.111963699716132,-5.602493607182989,-3.8696495876263475
264,-9.521749098863038,-5.651241013272278,-3.6658950734181377
265,-9.107986938292488,-5.716420707308183,-3.535699184635887
266,-8.724909551898882,-5.755788906828095,-3.3879617578442622
267,-8.268710227564192,-5.7952862464568256,-3.151275101993899
268,-7.8014992182429435,-5.850126661909149,-2.886851164358805
269,-7.389724051608781,-5.803113487579634,-2.6458410513431367
270,-6.9200364028661605,-5.697019397392154,-2.397418282303475
271,-6.671714573023248,-5.564164835573221,-2.237434507408318
272,-6.686457903816336,-5.352532466356301,-2.1373208308213467
273,-7.1137991967976575,-5.099293661880273,-2.088890225933321
274,-7.81599299738106,-4.881629759750934,-2.1177077826659505
275,-8.861195030981392,-4.567729981285883,-2.2689717776495577
276,-10.336461688503755,-4.170169878525098,-2.4863652703820724
277,-11.846430257729033,-3.772545401653951,-2.6952741636916198
278,-13.472371158460597,-3.3148720490606975,-2.9483387719557492
279,-15.419852456344323,-2.7175765950474644,-3.292213988569908
280,-17.187076970164377,-2.18568903184436,-3.651763724136533
281,-18.95967670045885,-1.640824604420293,-4.031583083834154
282,-21.004087577224574,-1.0552038055065385,-4.43179451586485
283,-22.623177196291287,-0.6033299966350957,-4.743341361372947
284,-24.189937259624717,-0.20055376105332942,-4.993573954477434
285,-25.792426314554632,0.10356634360462966,-5.225578857833707
286,-27.08000363630964,0.42300161312360796,-5.414250507027722
287,-28.260242823635796,0.8038172289417684,-5.539842384336853
288,-29.483002807625734,1.3516468480824824,-5.68955777664013
289,-30.553078699289472,2.036419629251833,-5.832649172988679
290,-31.783251484407963,2.8739322711841226,-6.060042331725487
291,-32.8470343569104,3.6027117338403243,-6.336697983868558
292,-33.86287707699259,4.270960283745215,-6.587756828895231
293,-34.91634583249643,4.938138885099449,-6.869000591673439
294,-35.75537738085798,5.503385526650291,-7.143688687340857
295,-36.52098482696286,5.942453793579921,-7.327525678473182
296,-37.1545759833945,6.460083861420622,-7.517410383100737
297,-37.93804811642691,7.180484959777933,-7.611471116101845
298,-38.65730351090768,7.709381516161669,-7.714529813063343
299,-39.45018413511321,8.3676434447407,-7.933840231042579
300,-40.15123389474871,8.781799775196681,-8.106354558449736
301,-40.75559697220564,9.247478443189829,-8.270860047066417
302,-41.38494918469897,9.798741688588366,-8.382109264400219
303,-41.83373469644296,10.158417648934535,-8.443080197116652
304,-42.2518838927119,10.616705459196396,-8.54751789161154
305,-42.60279069665563,10.859649324696843,-8.60663969684991
306,-42.89795043917579,11.04215638598103,-8.670819136988648
307,-43.224284771087696,11.260954554880156,-8.6574369169608
308,-43.61754394543895,11.422461799502173,-8.599831650499338
309,-44.080348273579034,11.585015824541431,-8.5393945219323
310,-44.60232859475413,11.64210347950445,-8.44689488875126
311,-45.21830700728133,11.704313827973412,-8.378824770506231
312,-45.79232882135566,11.707289977915798,-8.314868067205328
313,-46.28549108980424,11.647354421081898,-8.270246178828888
314,-46.70937294998143,11.571050793377607,-8.185236502148975
315,-46.85331385930827,11.371461010440058,-8.097590500788758
316,-46.79955822916286,11.28077177178902,-8.023582338604902
317,-46.61112529125764,11.163265527696787,-7.9635152764275
318,-46.316317321602,11.061257289888028,-7.961252806982024
319,-46.10810548492738,11.053339650190244,-7.937196442505346
320,-45.95603422798889,10.899895759431299,-7.859210589431345
321,-45.92544843719454,10.861987728223006,-7.819946001469741
322,-46.08495101787253,10.751781398333378,-7.739376824418671
323,-46.278199410784126,10.514073134867875,-7.673432997148239
324,-46.39184831418504,10.26290174297764,-7.647046619020685
325,-46.31117392418482,9.920864320076728,-7.627647870446397
326,-46.03096623604209,9.651608832822635,-7.601569619445801
327,-45.743853599399316,9.36840111460819,-7.525529836423278
328,-45.36100196442115,9.061616069905549,-7.471093263434434
329,-44.85405251226982,8.771549924680524,-7.451031127348935
330,-44.17674238938133,8.236509708857943,-7.302542185482929
331,-43.088060843316775,7.587139873851239,-7.1395855047865195
332,-41.41502747225081,6.783776399201819,-6.8609410778752125
333,-39.571522239972495,5.800131658901509,-6.410591958664954
334,-37.22934838112329,4.811134427819535,-5.998931286386942
335,-34.972109970272655,3.694734877707037,-5.63996396955813
336,-32.5381998711908,2.5065381894135976,-5.347547241545541
337,-30.154890020844796,1.3676870767157034,-5.135906334522815
338,-27.546524295017097,-0.1372344932962568,-4.7242171032553575
339,-25.371418544121845,-1.0839833532068641,-4.419309682433143
340,-23.179599710039664,-2.1682430132200006,-4.168385577503534
341,-21.009533049503727,-3.3154553819847057,-3.694040303515591
342,-19.406304362052555,-4.020227802110726,-3.3611929730677335
343,-17.523644153370636,-5.016410023669655,-3.0494542791054053
344,-15.973514149195523,-5.755500328991817,-2.661231346560681
345,-14.615268265732553,-6.294626030513026,-2.376985186797328
346,-13.06679333853672,-7.040954687598436,-2.276452308493316
347,-11.618621307849423,-7.736989741962895,-2.1068420485471036
348,-10.362934862969798,-8.239063524032272,-1.8688930437240423
349,-8.93675622004156,-8.821676527883952,-1.608517707735208
350,-7.7050067444661146,-9.314067223345882,-1.3615427054359261
351,-6.669321852945813,-9.669096061528876,-1.1176349918374289
352,-5.581904688479192,-9.99244237741675,-0.8654962123219939
353,-4.695481944297652,-10.280898656570743,-0.6795813473706502
354,-4.018421629292235,-10.465263563705006,-0.5569355376145575
355,-3.45319048606484,-10.627186868502967,-0.5160744651223624
356,-3.1011569931204868,-10.756645522002382,-0.49985233919848765
357,-2.8873440038520073,-10.899746441202327,-0.4462794577570999
358,-2.8093918828040745,-11.073974653497272,-0.352244562955914
359,-2.856926694550996,-11.189457973410565,-0.2419646237448782
360,-2.991049709815804,-11.307723701189477,-0.12649346069751027
361,-3.2124470320313505,-11.425884766568517,-0.008539086198099106
362,-3.4381231298482553,-11.49350923755614,0.11284424831934128
363,-3.660416790322019,-11.580933728470287,0.21123497613687678
364,-3.8732712855564664,-11.751426057069672,0.2732672201620429
365,-4.003221346723583,-11.93448046788679,0.30445661153148684
366,-4.064442885618653,-12.116896161163428,0.34038927572413347
367,-4.065864031763913,-12.282143206900841,0.39819167170474756
368,-4.045314773659719,-12.399739094063627,0.4536351178163461
369,-4.024534271359821,-12.552844081949672,0.49865897710222185
370,-4.007707536784919,-12.76738216754896,0.5223219536857137
371,-3.9928486003182186,-13.041176934417864,0.5800503915253233
372,-3.981736766617015,-13.405282048216264,0.662839326664808
373,-3.9843642478475525,-14.0514401083851,0.7422131672701755
374,-3.9858365764851045,-14.767320506117018,0.7454062806595753
375,-3.983214217882472,-15.532273146954399,0.7329581543610129
376,-3.974434460535847,-16.35893470839766,0.7225597784739982
377,-3.972194164597932,-17.017987924823927,0.7345588198413242
378,-3.958389109274719,-17.50545657277941,0.8023919354380145
379,-3.971256296805325,-17.81088127539617,0.8805038986130254
380,-4.012213790689901,-18.08746164089912,0.9442608320789859
381,-4.07692945498019,-18.327994836066964,1.0080085874783862
382,-4.159611891746387,-18.559197206811035,1.0404949265220165
383,-4.223346609699773,-18.7477430483571,1.033686633869612
384,-4.263831202537053,-18.90112204897599,1.0016764686036113
385,-4.287028007383868,-19.071042712690335,0.9613195494420154
386,-4.285140676546248,-19.187137404653857,0.953929818478706
387,-4.271540673892771,-19.240030899493494,0.974907676984748
388,-4.28450120876713,-19.2139560205312,0.9824901473458265
389,-4.307818845195,-19.10325022170384,0.9492909461626283
390,-4.350549621889287,-18.95247367523142,0.9015834629031615
391,-4.407252755558545,-18.81412013930322,0.8907778369929531
392,-4.4921016841266495,-18.678466392731575,0.8776224659607158
393,-4.596623110484465,-18.558006985031565,0.8270628451567398
394,-4.685881816871366,-18.45290775653723,0.7571878765546118
395,-4.779345238514576,-18.35448600811143,0.7282776072194486
396,-4.878858814876243,-18.192942177108485,0.7239915034965748
397,-4.968089848718314,-17.986793834797247,0.7294425813423994
398,-5.074718064701725,-17.780548749903268,0.7473492560060798
399,-5.229153986438587,-17.579685636733807,0.7881582483066294
400,-5.377643860796113,-17.399628548547756,0.8154552056395349
401,-5.551141316541955,-17.217858603731887,0.852797183296878
402,-5.762372835776233,-16.99580915800643,0.87024148617715
403,-5.9336914434801065,-16.771645659823317,0.8542370191689731
404,-6.071915004480827,-16.522246927412326,0.8079260961305519
405,-6.208647136002401,-16.22067330683808,0.7437105795016818
406,-6.31708045978567,-15.958425950850726,0.6956296236383978
407,-6.399291745788981,-15.699105477044593,0.6482475882158618
408,-6.464125658689698,-15.385562798031984,0.5975401044907288
409,-6.504835571454415,-15.099725804025223,0.5660277465639764
410,-6.538578263612683,-14.83318607493715,0.556589705932126
411,-6.572263272697105,-14.545697969207724,0.5633118926357195
412,-6.599895454301462,-14.322874110889742,0.5391939614272607
413,-6.603708011484617,-14.16691572720358,0.48617648641490985
414,-6.586023227426104,-14.00590881971411,0.43911373565088774
415,-6.554260760530572,-13.89694008971004,0.40567163586895055
416,-6.510009369507089,-13.82553450242538,0.3750054476543038
417,-6.466480385531293,-13.728536560071667,0.35731133594494613
418,-6.451227752115186,-13.63271753435318,0.3554819658525532
419,-6.447539500038033,-13.544290544122033,0.34743981843109717
420,-6.477851035305176,-13.436335295647543,0.3457932359375576
421,-6.516968384016552,-13.321380450223185,0.33576369026022757
422,-6.556455782773712,-13.221738414130057,0.315790830042554
423,-6.585459732242833,-13.170504842902298,0.2874548568780694
424,-6.606571591552315,-13.145442470117523,0.2539129189418613
425,-6.623405341744814,-13.109385461079402,0.2338354447736543
426,-6.634170000613978,-13.092680920158521,0.22832140112235688
427,-6.645627307379687,-13.112951857329655,0.23294463870877058
428,-6.6594628216900755,-13.168146598601794,0.2519597516726066
429,-6.689566451458216,-13.240524319867953,0.27647415401213554
430,-6.7188893152828735,-13.303661272756058,0.2727443638527843
431,-6.703442290126396,-13.352132200173568,0.21785905891389257
432,-6.652623185458017,-13.470834451186237,0.17372934074615645
433,-6.565524016439799,-13.531633047042892,0.14178758804259084
434,-6.45607541306289,-13.571867618199635,0.09964943027719224
435,-6.367333081038751,-13.639011331649591,0.0834891896015352
436,-6.297125473163051,-13.706069302751132,0.0923552752700926
437,-6.239421055001543,-13.735278144225259,0.08629158149167818
438,-6.220718564490824,-13.772572322737048,0.10180286749446821
439,-6.22288204448234,-13.83001324097896,0.11378005092275459
440,-6.207103534207148,-13.874738369673159,0.11159459052411476
441,-6.142172558520498,-13.917951587967448,0.0919462976893125
442,-6.080844268684172,-13.972787725834001,0.06476538686950202
443,-6.028792944856168,-14.018621253452777,0.07192916130461258
444,-5.965800850449699,-14.034534279022168,0.08653865557709374
445,-5.887810178800256,-14.037682031413903,0.08973775872214135
446,-5.8237280197008525,-14.04627410629061,0.09575558217807315
447,-5.805106559855409,-14.072823922488867,0.11602559564085405
448,-5.8266645980081995,-14.10529274257427,0.12286697714781611
449,-5.840344724252899,-14.124319370794236,0.058428398816973495
450,-5.817407136661333,-14.147320175142092,-0.013546256782867137
451,-5.766302360898946,-14.162594500620944,-0.02581762776015293
452,-5.711216060888182,-14.164109228646097,-0.009915531879194688
453,-5.711294181811317,-14.17311956612011,0.005204404383681369
454,-5.763151056775549,-14.164510522933293,0.031209224931157215
455,-5.851509858138259,-14.163719887805755,0.05597743482862555
456,-5.940521261235487,-14.148407844398145,0.1017122474273969
457,-6.027592982288012,-14.10646834741382,0.16369796745964216
458,-6.082524935757296,-14.079508354012138,0.182119561005832
459,-6.119353138049599,-14.073258477945174,0.17854327667774672
460,-6.122735816710368,-14.01691120516402,0.15954219761801186
461,-6.107304149574681,-13.959255143552777,0.1559767855635411
462,-6.099752197318092,-13.940589648845613,0.16700468610315353
463,-6.123687782057859,-13.919744604995344,0.16465495432133742
464,-6.159259939337685,-13.884023817721012,0.16896090828119076
465,-6.213231411356169,-13.842865557171526,0.19808668875775506
466,-6.297932722702113,-13.811870369339243,0.18705776102173982
467,-6.374075309707043,-13.808109497065978,0.14172034002873735
468,-6.41810266643345,-13.79006221260466,0.04978553826799818
469,-6.426760855302419,-13.800699856977053,0.01553694590254152
470,-6.4444651028783495,-13.842396811291373,0.03259580333780776
471,-6.462873162577798,-13.888512909678907,0.06489556733829573
472,-6.504427944111773,-13.955290358603705,0.10226378519465687
473,-6.583814923954098,-14.000004670786522,0.15168123696984645
474,-6.660961633499511,-14.034437806003382,0.1831576430224995
475,-6.76633086397397,-14.072810262592405,0.24856965669769587
476,-6.849131308524835,-14.045740516584932,0.2858653971766982
477,-6.922602869613718,-14.016320414641893,0.28857487448312963
478,-6.9918158231128915,-13.968131004467256,0.26404739873483735
479,-7.036071403571702,-13.929970786830857,0.25682023160743717
480,-7.052314226666111,-13.935520973513439,0.2607879578062826
481,-7.055351562640642,-13.951555088809823,0.2791526820243516
482,-7.0518916144489365,-13.969760088509746,0.291659398538515
483,-7.029782164866149,-13.980844709847055,0.2915870679034995
484,-7.010449157396574,-13.88899190137065,0.3098536348341386
485,-6.993666819411869,-13.773894771463599,0.3072314292013094
486,-6.9566298677675835,-13.735949186639122,0.26156670608176563
487,-6.885835712632938,-13.723338441040223,0.18256732525597907
488,-6.8097984964695,-13.768531554613888,0.16547568424720657
489,-6.750558121525952,-13.831762561470052,0.1656377011343818
490,-6.717374708532695,-13.81383756516414,0.15751846062186073
491,-6.721525789716103,-13.763279053635573,0.1475192906095861
492,-6.741786857502108,-13.77104839053763,0.15690857276283424
493,-6.759080132392299,-13.784965067822524,0.16817346218681617
494,-6.795442914397438,-13.750668578824065,0.19795263295707796
495,-6.821056868579674,-13.718002543983445,0.19744467766576707
496,-6.854501588377496,-13.696752767613743,0.1779855090310046
497,-6.904761745942002,-13.68297078582373,0.15054537119171377
498,-6.950037401013638,-13.720827581321185,0.12738960284760353
499,-6.986670496757977,-13.772481825922966,0.13864340655456261
500,-7.029453886232866,-13.765369199199524,0.1674662841542064
501,-7.06200934360901,-13.793781973160883,0.18179647438660626
502,-7.069448760699018,-13.799683902177444,0.20119277059738708
503,-7.067963609378875,-13.78234043242073,0.23221978489390413
504,-7.06629617590475,-13.772300832294796,0.256122298342453
505,-7.071875205109392,-13.804431569942683,0.24583352564564256
506,-7.057387402435342,-13.828436376680742,0.187095807309284
507,-7.017554319389234,-13.903084595682143,0.16566715632473858
508,-6.973459809601531,-13.958995605519933,0.171249341784162
509,-6.9519780442735915,-13.981912743001939,0.19786665528413894
510,-6.980093967649107,-14.005089154787067,0.2169075548797501
511,-7.074425874594261,-14.022477904830486,0.24596447317668516
512,-7.182754308561456,-14.011213320850908,0.25034230420431125
513,-7.310565161599851,-14.016755823841725,0.26733512091500267
514,-7.476979226757842,-14.006794228598837,0.2775989207330323
515,-7.650089493010332,-13.96663596979304,0.2444577227960621
516,-7.888031110821799,-13.883427050994182,0.14341041161673485
517,-8.175133301225788,-13.798415239293226,0.011369306606373229
518,-8.538236845706862,-13.773759026242473,-0.15904800942654163
519,-9.138903110224561,-13.82454757490576,-0.432733058400706
520,-9.882922744458558,-13.952071648477382,-0.7333439533216639
521,-10.69408702200585,-14.280368066368569,-1.0428359149733137
522,-11.608799416048944,-14.744971017515066,-1.3423766093170615
523,-12.347313896316285,-15.150286403166243,-1.5195100958919614
524,-12.852445093292564,-15.608259182065874,-1.605505372742246
525,-13.143310761847282,-16.209165144241,-1.6717037112090467
526,-13.178359308465964,-16.8831946267123,-1.6904460193416992
527,-13.001372649999778,-17.359116852365972,-1.6411395393151478
528,-12.683016705847514,-17.695278382388874,-1.5479873006107114
529,-12.328571705008564,-17.97569460174727,-1.4579310501474585
530,-11.949007767777692,-18.169560029630652,-1.3742199213967012
531,-11.582328745396813,-18.33428917965253,-1.309261107338575
532,-11.297956135686219,-18.464687594361042,-1.2316847901327705
533,-11.051410970962948,-18.492442728471424,-1.1605173763045875
534,-10.84344217421785,-18.52722535146405,-1.1004490020957165
535,-10.74804064097274,-18.596389303162105,-1.079765554283107
536,-10.746447555547467,-18.63330305496504,-1.07757049631757
537,-10.840027051895015,-18.68234365864792,-1.0603222712781815
538,-10.997901536545829,-18.68505832742208,-1.0400625305241493
539,-11.24074892902749,-18.62630004274464,-1.0292039448175696
540,-11.496850952419543,-18.56519612949581,-0.9976986305232938
541,-11.77992938819135,-18.48242061710309,-0.9803250841329001
542,-12.064152557268475,-18.366790401931564,-0.9780284330587063
543,-12.362371170637669,-18.201213962330524,-1.0324127462974855
544,-12.585394680362409,-18.054127157139526,-1.0809362945535241
545,-12.75600842159438,-17.895953557219862,-1.0956182526649032
546,-12.880837323866356,-17.724830219951073,-1.0491089270384775
547,-12.989153872611523,-17.51568396490019,-1.013376048868977
548,-13.128040896161306,-17.195820062719466,-0.9670918062566034
549,-13.2659246524909,-16.9336226039998,-0.9497002238982016
550,-13.437647148356316,-16.69206342537553,-0.9421275719339086
551,-13.670951030053372,-16.400170389116678,-0.9650443503616958
552,-13.898292961955338,-16.187658086344385,-1.0198872467633844
553,-14.11321324018857,-16.04402456018095,-1.0890909220888547
554,-14.288809028640625,-15.915113634271634,-1.1252074465289752
555,-14.426558097652771,-15.82257351213121,-1.1094147748682084
556,-14.510114664465638,-15.755365667985782,-1.0763560966265189
557,-14.570325255964034,-15.635950453362515,-1.0297408617113553
558,-14.617792041129132,-15.530722748705578,-0.96692137169501
559,-14.655938827604862,-15.481000525710119,-0.9239160467222061
560,-14.698065245214233,-15.364865393725596,-0.9104461668277173
561,-14.72144175751404,-15.199571509474815,-0.9583550339429932
562,-14.758847764836805,-15.086844521658396,-0.9987654206783886
563,-14.827388143661057,-14.98888729689514,-1.0253925925957903
564,-14.921400384850928,-14.929099437691772,-1.0187664554259688
565,-15.040850164662439,-14.888450060801725,-1.010545148943602
566,-15.235696353882037,-14.797585723587067,-0.9682302066752105
567,-15.457776040557643,-14.722422697237628,-0.9329085242390585
568,-15.722543839722437,-14.645854409039314,-0.8869155785182747
569,-16.089005180974166,-14.509824391665745,-0.8520715290692302
570,-16.42939656667145,-14.384197339124864,-0.849662606762227
571,-16.77979169328779,-14.216203004134284,-0.8577923460223978
572,-17.14034280766771,-14.016950477366354,-0.8589359758045104
573,-17.434600011051018,-13.81145617169999,-0.8636873861576577
574,-17.704527394462502,-13.577729421270329,-0.8595902332120545
575,-17.92647077670374,-13.32272435917648,-0.8524748837502207
576,-18.121245802312924,-13.004284524949801,-0.8182388812108053
577,-18.276955725068078,-12.715103761698092,-0.7651147912159675
578,-18.39322118055807,-12.439423854387638,-0.7072014580238467
579,-18.49087170402793,-12.150959891541888,-0.6869519217880573
580,-18.601331199618052,-11.892890619242298,-0.6679351813182324
581,-18.73137122143888,-11.60441262919443,-0.648767429636977
582,-18.865130420215976,-11.302711160293683,-0.6255277646931596
583,-19.026583120366205,-11.059308689257886,-0.6073542857690011
584,-19.250012335385513,-10.885930111752652,-0.5596005386507673
585,-19.48054933365615,-10.77400905782769,-0.5233602491457896
586,-19.811645933301058,-10.591675206549121,-0.4698070311783991
587,-20.140504017412702,-10.38735831314015,-0.4402375685568729
588,-20.551921207997033,-10.145288681013485,-0.41749175829920004
589,-21.06199890815101,-9.954050317056327,-0.42641105140740326
590,-21.514488247090096,-9.758679911175022,-0.4467577043940065
591,-22.002879582322564,-9.4478766538003,-0.4686422171380046
592,-22.60943355582407,-9.07946143353958,-0.49005501994947753
593,-23.228944866000493,-8.72086353101591,-0.5537510153223448
594,-23.972493105781755,-8.326534986766802,-0.6110024605050721
595,-24.99216377962676,-7.86630751772624,-0.7168301569802344
596,-25.947854477491116,-7.463367402959598,-0.8695093752863987
597,-26.938424395369605,-7.149771146144139,-1.016850160505512
598,-28.085743876654416,-6.865476887795642,-1.1621694238045361
599,-29.120632162068443,-6.613028307193926,-1.261733227004687
600,-30.169046317188883,-6.383691850187951,-1.345461621987704
601,-31.31021008256958,-6.165531091481247,-1.425810453141205
602,-32.45392163976517,-5.959699307529661,-1.5085913980412158
603,-33.46871587179484,-5.748494205546519,-1.5679089344160841
604,-34.76651121814094,-5.491396362792554,-1.5809583661904916
605,-35.75483776811435,-5.287084685218053,-1.596187613173635
606,-36.56950859121689,-5.053129795828207,-1.6495714050458885
607,-37.29603783670871,-4.716272674951861,-1.6431240240219656
608,-37.80890387548417,-4.403796916171952,-1.6168919691334844
609,-38.28579237986048,-4.12937373098395,-1.6011573092931506
610,-38.702988418308976,-3.9428505718085223,-1.5584000023240505
611,-39.03853450188136,-3.7680878132420688,-1.5257183277069757
612,-39.39776773537561,-3.6224178164349845,-1.4993580746820077
613,-39.67303221684803,-3.572084891129396,-1.5042898846992958
614,-39.73869043976703,-3.4984193071346024,-1.5566330158604427
615,-39.67996742726352,-3.4461660645357752,-1.5695292944457777
616,-39.59476318915101,-3.380334722471644,-1.5016642177328077
617,-39.53452802959876,-3.3671968524938647,-1.4319917894701972
618,-39.43175992295405,-3.4079916387394054,-1.3928695468007213
619,-39.309975468516136,-3.4006221137802304,-1.3568115060131247
620,-39.189406693931716,-3.4252032149110616,-1.3394087708038067
621,-39.100890111779194,-3.4312380710249593,-1.3347095067492052
622,-39.036604874032285,-3.4005151800828557,-1.3136179260076282
623,-38.97293780025119,-3.3813558440461726,-1.3109070806467467
624,-38.86657055378544,-3.373532866030281,-1.3491279493577961
625,-38.75734663109671,-3.3674418822036203,-1.3706492363028204
626,-38.65966346284345,-3.378833989655903,-1.3741556751050366
627,-38.58356480433559,-3.45297743920686,-1.3810637522802092
628,-38.54307717163708,-3.5019936595357395,-1.3809164767278883
629,-38.54065232956124,-3.435131652876316,-1.4019147693731195
630,-38.580429585989656,-3.3698932465037426,-1.4049674452796836
631,-38.57357855330781,-3.3631468187459475,-1.446049850806658
632,-38.50028010566848,-3.3539836636020777,-1.5324778853412215
633,-38.374951032872524,-3.308092964904304,-1.6258534149408617
634,-38.24531157770303,-3.2923531354401785,-1.6226761944676995
635,-38.140302654164344,-3.271902127273601,-1.606964582561518
636,-38.0701909648944,-3.2099717086827297,-1.6153220886067903
637,-38.0319744870979,-3.204854361327105,-1.63344855384155
638,-37.97271925888022,-3.2188834703841693,-1.6101316644452828
639,-37.89656773137884,-3.132896045767534,-1.6157625302746126
640,-37.82367039172874,-3.0594044264646985,-1.6366910705851507
641,-37.71379923648057,-3.049486142840472,-1.6299637794865232
642,-37.54912935149171,-3.0145591140995425,-1.6047552238488312
643,-37.39294982903876,-2.974485136931091,-1.5776862698649683
644,-37.23277671753745,-2.9768823393565773,-1.5169108817364454
645,-37.071076239864894,-2.9306984248074954,-1.4862417680185578
646,-36.93443574107844,-2.8878395030632906,-1.4540641064063002
647,-36.76617549714839,-2.882233793215501,-1.4318709801733775
648,-36.53035974456587,-2.875050139135129,-1.4586378660771846
649,-36.31886006950553,-2.9205883667144,-1.4244229680283604
650,-36.05831043815082,-2.98213650505026,-1.3554826037481074
651,-35.756446360533666,-2.9671400625952526,-1.3085480976989525
652,-35.43434394823433,-3.056896446008866,-1.2022814270668396
653,-35.02850897976415,-3.211202219944676,-1.105784005617837
654,-34.59072529212516,-3.2115418111706533,-1.0008599408448449
655,-34.23462727697684,-3.2346943945397393,-0.8751319549108586
656,-33.93493205519372,-3.265352562993838,-0.8038818771502274
657,-33.721936491641536,-3.2512321243880717,-0.813497556058704
658,-33.59059281647791,-3.3228495124742334,-0.8316342693557685
659,-33.463098279242416,-3.4274887855256195,-0.8413041628899744
660,-33.35254965886358,-3.5209235519365385,-0.8125763343081258
661,-33.28538193278992,-3.6456954786591442,-0.724637489972044
662,-33.25722985781662,-3.776920173349503,-0.6282828922085588
663,-33.2415682631011,-3.9660622650589765,-0.5384619572582134
664,-33.17896591779316,-4.199263305593337,-0.4988344809447643
665,-33.05545345795329,-4.483223646758146,-0.5048750361236889
666,-32.81461660904597,-4.929840137854958,-0.4897007572524149
667,-32.50229854738644,-5.352032150936006,-0.4143478436154323
668,-32.09520069685031,-5.855584644290586,-0.29046758390696015
669,-31.51858136982506,-6.640902912536334,-0.06726628327519842
670,-30.93661563649949,-7.2160290760768495,0.12354626079499292
671,-30.345783860879774,-7.558646215439833,0.29918479946827736
672,-29.810158527140384,-7.9369676293097156,0.5456254915694896
673,-29.295460569533443,-8.313508552073749,0.7949629308875629
674,-28.764052593775492,-8.771392541646353,0.9755522760780626
675,-28.24740252095836,-9.342311720449374,1.174855410860814
676,-27.80141213242022,-9.753407803535982,1.3276455590886003
677,-27.448362472658264,-9.99655742122694,1.3991294591313774
678,-27.056347356526075,-10.349831816457662,1.5132794524582789
679,-26.74063692276233,-10.536465120148703,1.6083534400545414
680,-26.44057239277417,-10.592196951019377,1.7153987864228502
681,-26.15914069814338,-10.706868328989803,1.8276081667477417
682,-25.822572707803687,-10.849808123106298,1.8976959099388497
683,-25.429859196036315,-10.977937597861715,1.9090430191924352
684,-25.082108483335766,-11.154549839225984,1.9049314476648063
685,-24.68595721882879,-11.295782430207298,1.901492438141204
686,-24.138599753872228,-11.413624886864207,1.9481904482524146
687,-23.54104367703098,-11.594080806343912,2.035455855818733
688,-22.893408512399127,-11.836387829357427,2.134574707566766
689,-22.14319395553754,-12.077043569070005,2.1988056241343275
690,-21.453783920493194,-12.254842096396985,2.2312876951519955
691,-20.79738522446455,-12.341660429405488,2.2612161189986364
692,-20.189693504446012,-12.44304116572037,2.2546612897062053
693,-19.741230674647642,-12.624958390156749,2.193997184072462
694,-19.400870757850598,-12.789660630141881,2.1094987714452755
695,-19.229247490567165,-12.875982938159982,1.9860335211059184
696,-19.202154349171334,-12.971820870646592,1.8538855835320094
697,-19.202550520552734,-13.107396043625824,1.7449834619988887
698,-19.188720382544204,-13.222793641132004,1.6554447036756388
699,-19.125738070504234,-13.301047736983481,1.6084192871674268
700,-19.002775581155678,-13.295800173815161,1.5437394977905923
701,-18.77771432754622,-13.261887511003103,1.4323742595203481
702,-18.494234037864057,-13.29059729832995,1.3491455115641495
703,-18.096407318265687,-13.261954956741905,1.2980666022818392
704,-17.800602968487652,-13.189604643480912,1.2774503759672433
705,-17.542622872022182,-13.157170344976556,1.2502845184131404
706,-17.339607276056725,-13.124069754679635,1.2087200492265098
707,-17.23092201350659,-12.995632078510214,1.1380445143987958
708,-17.252774237103043,-12.840071532250924,1.0680995597124743
709,-17.351239687479634,-12.625886409372864,0.9899795563808504
710,-17.57394144987619,-12.20494827095218,0.8841160547739317
711,-17.868129159038645,-11.751166519036827,0.7742607345434467
712,-18.32827481515058,-11.197078993840497,0.6164566866411704
713,-18.926478029586875,-10.66345996975397,0.4203361585201553
714,-19.492337824305746,-10.25087585777717,0.23757017081182433
715,-20.081390615597318,-9.72137610013747,0.04506371650733793
716,-20.51772004236033,-9.253449525432247,-0.04028850721415604
717,-20.844459135032793,-8.844066918077434,-0.08524933732854717
718,-21.072826083586857,-8.355058272696793,-0.15043120564865525
719,-21.142003613984674,-7.955389162315473,-0.20324541583516098
720,-21.127613721280056,-7.728887166535293,-0.19832035592908165
721,-21.01930072321762,-7.762415327656407,-0.12658065232983445
722,-20.845538266853552,-8.022926718774704,-0.015121901859888797
723,-20.616828113400793,-8.351545666957374,0.08901273148450559
724,-20.240534131464575,-8.682439849815143,0.20626253179413656
725,-19.79961687252375,-8.778602405749472,0.3403921305297206
726,-19.332962090198578,-8.725113644680864,0.4707883372484369
727,-18.702774381010734,-8.657681235141176,0.5980971384257547
728,-18.090060588870475,-8.585116956493998,0.6990080592671256
729,-17.47884120058976,-8.466954183627898,0.798483893352238
730,-16.757907933832442,-8.370911051856854,0.8809004764657997
731,-15.997785423543913,-8.375766665694721,0.9448327536917462
732,-15.043889623529763,-8.440678419102479,1.0646633249607067
733,-13.813783476560273,-8.523683079766558,1.3339628607811318
734,-12.73478398379764,-8.569980148684213,1.5518080006770414
735,-11.730876278707296,-8.552917919363788,1.702232771757501
736,-10.70001652813887,-8.513610554349988,1.8247456849619783
737,-9.860922526454848,-8.483320619882013,1.8598829326875577
738,-9.209290465641612,-8.451416216127981,1.801713376912321
739,-8.549219537674912,-8.460522079879778,1.6961454889829815
740,-8.018034472391452,-8.458529370822951,1.6315218344246631
741,-7.588877317332981,-8.46834322434972,1.61366016240176
742,-7.2251120744286235,-8.51270038475392,1.626977825378736
743,-6.987940894695664,-8.545497881751373,1.6677520306645965
744,-6.822340527682769,-8.542834824556126,1.7137572971694486
745,-6.730602147701932,-8.510461674921943,1.765405498503409
746,-6.725241802640262,-8.468795708420135,1.803189980982395
747,-6.792312595823159,-8.394829752115143,1.8045056497201983
748,-6.888330886380059,-8.342518857122831,1.7767056500797858
749,-6.979965903340872,-8.324952862694087,1.7365469207220199
750,-7.057167127045521,-8.343570669150663,1.7272979685496233
751,-7.113177217644611,-8.356159697442504,1.7453061875570184
752,-7.17346090694044,-8.364997170430886,1.7475855435327223
753,-7.221401624538039,-8.360219600284246,1.732678251137847
754,-7.247171576538788,-8.32902629438918,1.7372173446493244
755,-7.257317309738541,-8.28161515512695,1.746415770105918
756,-7.265472444886914,-8.209741018162395,1.7435998188569748
757,-7.25462881302767,-8.145285473774674,1.7090409576884906
758,-7.224800451278585,-8.06576408670926,1.6808084932140184
759,-7.180609611742716,-7.941136639885318,1.674672725632697
760,-7.126014662456152,-7.835822905148605,1.6737323981465855
761,-7.071714267469929,-7.77241309825651,1.6931382929588503
762,-7.034182455025243,-7.695984845069765,1.7350026561596963
763,-7.017423690960385,-7.653198108104693,1.785101228217587
764,-7.012511891279567,-7.620085935843057,1.8134656014196646
765,-7.01984970848047,-7.527780402034026,1.8453275501202517
766,-7.017240981916114,-7.413893856486417,1.8556155470491893
767,-6.994322096007562,-7.331046027113319,1.8478831117207657
768,-6.943407367914143,-7.262443067502929,1.834522220322139
769,-6.866804715668245,-7.192102352139639,1.8287899996944101
770,-6.7701942211016775,-7.13127779284593,1.8225719756944279
771,-6.655126043230363,-7.02456963478711,1.812685463646032
772,-6.56735064035625,-6.931692217675945,1.805261454879277
773,-6.474582336351931,-6.882374486158742,1.801886052161347
774,-6.381882963699072,-6.754894473095374,1.814337520107842
775,-6.293299682380894,-6.631132247570701,1.8181923185187323
776,-6.227728956839025,-6.586858224834036,1.8089563837436695
777,-6.144555460121255,-6.543298389553132,1.7390493244545
778,-6.072147659689069,-6.380901816334903,1.6783196295999436
779,-6.0004715492145495,-6.22382034934054,1.607112483444115
780,-5.929910500670662,-6.114226612552731,1.5073309819758258
781,-5.8678078073554065,-5.97542891500261,1.4657624577677442
782,-5.819041237234405,-5.8125503243382095,1.4796895313909537
783,-5.811498249479391,-5.6315370381403875,1.473121255200267
784,-5.78503387994941,-5.307122915447293,1.4240889191179038
785,-5.720246498090342,-4.810319494255248,1.3508428089439415
786,-5.635105209703713,-4.47004042081142,1.2410594692814305
787,-5.515694433833109,-4.083559488079686,1.0482525061584025
788,-5.349505814197688,-3.739443713177862,0.7807371411622879
789,-5.202948977785827,-3.559371933515416,0.5518470467587222
790,-5.058372008593761,-3.3665625072870755,0.3215043899198367
791,-4.898300679369857,-3.21801069318554,0.10828187545484914
792,-4.7396000948682815,-3.106800972043997,-0.050174925745952705
793,-4.600276437589319,-2.9728375538554683,-0.1449202569267794
794,-4.428594119358062,-2.827374812284351,-0.24604694237359884
795,-4.239774272279069,-2.7433983099569925,-0.374080517324505
796,-4.014715794681669,-2.653356977274567,-0.498127609737054
797,-3.7306619704214268,-2.6292157159930194,-0.597286800525831
798,-3.4094274489712433,-2.709031318660294,-0.6786258679530267
799,-3.160572458201943,-2.7796809714316555,-0.6915578704583921
800,-2.8770159381699325,-2.942341603711705,-0.6497022584048395
801,-2.6566418988418317,-3.202391844687195,-0.5789057478870209
802,-2.467323608681116,-3.4773591265236874,-0.483805663756303
803,-2.3844488556575616,-3.6655659846965327,-0.335811955150948
804,-2.4272987044756977,-3.83677156622666,-0.15239928727607066
805,-2.5688174066033147,-3.946168790035447,-0.04261441671056472
806,-2.787426895750138,-4.031904959113081,-0.018996580072892556
807,-2.999633740087824,-4.140402014744969,-0.07633659426493866
808,-3.216220315307793,-4.224929607463741,-0.1747804828313744
809,-3.478783445977456,-4.284219069273334,-0.2745929438519317
810,-3.772199890993751,-4.3456592043657345,-0.3836424084940693
811,-4.091044880562284,-4.419783530655436,-0.5546650333578902
812,-4.529618460457294,-4.5556152253593005,-0.8299509479155612
813,-4.903505325789859,-4.669520980969979,-1.1392501398983492
814,-5.335573442044722,-4.771977538993348,-1.6037780670745612
815,-5.780151962588917,-4.835806125260281,-2.079366341906395
816,-6.108288537223978,-4.908020971281228,-2.4387903776468947
817,-6.3439882580553215,-4.944170418011868,-2.7833246935049765
818,-6.495654921754699,-4.986180214648493,-3.087731439148037
819,-6.527040272844983,-5.069808826362648,-3.2719725647246087
820,-6.475538997492614,-5.131706160956017,-3.335995833608247
821,-6.34021462977268,-5.142153873922152,-3.1909963856690178
822,-6.174668636904462,-5.081957270245555,-3.057219359792399
823,-5.954629558441412,-5.06093633856792,-2.92569199636244
824,-5.758523566028106,-5.061335054099111,-2.8328629101017935
825,-5.585952462212333,-5.0611758240208085,-2.7361713623994053
826,-5.430410865859381,-5.092870001547913,-2.642780708054473
827,-5.281971222114982,-5.123047118306467,-2.607190763325905
828,-5.170180879098217,-5.1193160971687695,-2.5839953262055557
829,-5.079841175076268,-5.08840577663433,-2.4866235362057085
830,-5.032255764357323,-5.074828202396635,-2.3928224312997424
831,-4.995505206150996,-5.038241143171515,-2.3376112638439763
832,-4.92737345948313,-4.992557528696098,-2.3021950078248787
833,-4.852049727698558,-5.003142273445438,-2.2851528785502153
834,-4.789697328055673,-4.975813630330116,-2.2870296813495763
835,-4.762068227514396,-4.835710074944951,-2.293118778388146
836,-4.763823135418235,-4.709559398245747,-2.2751712246309532
837,-4.764902717536651,-4.614334788631271,-2.2265792319881137
838,-4.787059146061282,-4.493525363244981,-2.171384816968596
839,-4.840107898716184,-4.366060718232065,-2.109237303979199
840,-4.889642917391178,-4.231224104795018,-2.0938066680668888
841,-4.918542536267595,-4.064193610057755,-2.118083655488613
842,-4.8879865830646025,-3.936975707632664,-2.167170556022217
843,-4.7955579478359045,-3.788675873132424,-2.2128941315350517
844,-4.633734784408066,-3.5750043304761148,-2.253833265501632
845,-4.4978087804183975,-3.402184284900178,-2.300125893036183
846,-4.363004183753127,-3.195074970838319,-2.3602770955507566
847,-4.231086389608439,-2.9581708301660936,-2.4186539626508745
848,-4.140732854719993,-2.713700858101336,-2.464147792821719
849,-4.058603153163159,-2.3983198321797294,-2.5019675143292615
850,-3.968647598543779,-2.0459747207297236,-2.561682653143266
851,-3.8745092539672807,-1.7471349657197521,-2.5923078571985134
852,-3.801177316405638,-1.4460872142626533,-2.582577852375173
853,-3.740368357546771,-1.0996393067221952,-2.530759056012447
854,-3.727553815938966,-0.8195788613218489,-2.4602810625233893
855,-3.7518803080067595,-0.5440547533175923,-2.4072483918138277
856,-3.803104278269919,-0.23846025650520475,-2.3879091908086156
857,-3.868434244155455,0.08039948954349659,-2.385609984649773
858,-3.9375673343761433,0.5140807670617421,-2.423385828074309
859,-3.9710014460669614,0.9282262304617237,-2.4807350754268223
860,-4.0578343404327235,1.3332458630999522,-2.5185355434162604
861,-4.195973689015866,1.6972356482344009,-2.5285405312431357
862,-4.3424884005669515,2.1107433686360157,-2.492939736414814
863,-4.454602875960276,2.4406737926345046,-2.421694488743924
864,-4.561562233994229,2.7597099764231476,-2.3445687217961733
865,-4.643007678816643,2.985422324592988,-2.269804631570074
866,-4.7605929266835325,3.102961486958714,-2.1814691571978524
867,-4.883147354733143,3.0632372609366465,-2.110173891114829
868,-5.045741741928573,2.91495910788496,-2.0548936674111506
869,-5.272826599467082,2.6973375129366137,-2.016364338591209
870,-5.6127368397000446,2.4326813391733437,-1.9758587654399506
871,-6.305403302783314,2.0880191696733004,-1.925398378164356
872,-7.281896063480225,1.7551410995310335,-1.9041915731639472
873,-8.767073505877192,1.267470627406352,-1.879110607396762
874,-10.297576536411412,0.8751574184964543,-1.8945740527117274
875,-11.885857844946173,0.6154769818510251,-1.9436502279253016
876,-13.742171598641216,0.36291796067462934,-1.872294487105878
877,-15.49815171972682,0.069618523017063,-1.758815731282857
878,-17.03766934052977,-0.22905361873481256,-1.644687812911936
879,-18.881424076208447,-0.6096726456646536,-1.5064328507069806
880,-20.51589815366927,-0.8796540719452,-1.3432601607025476
881,-22.204851513069602,-1.1055782467302466,-1.1866431236322545
882,-24.112798424789005,-1.433332457927281,-1.137684528251401
883,-25.784554115984513,-1.7693212806270062,-1.143554541041066
884,-27.605525002686647,-2.1152979516539507,-1.1458779729610518
885,-29.500712863393066,-2.42777703504604,-1.1883724250856835
886,-31.083280215257716,-2.5213496804229742,-1.209829104598901
887,-32.61491327839394,-2.5378373629212043,-1.1660710719689527
888,-34.23476730306854,-2.5933808624329378,-1.0237011603060644
889,-35.567610420705975,-2.60500397273825,-0.8722096478458439
890,-36.8306731303148,-2.604199088560996,-0.7362289077902118
891,-38.19275364618748,-2.6195195433830527,-0.6129545605572848
892,-39.30175292460649,-2.5757862642989284,-0.5271171199375791
893,-40.278397295146085,-2.5326273803725723,-0.47427152022982844
894,-41.18937150084637,-2.522311870258843,-0.45870877435529855
895,-41.782170472290986,-2.5127921614498323,-0.475396740517968
896,-42.25306899158558,-2.4880012577215487,-0.5011416974676732
897,-42.65494489348234,-2.549842331437174,-0.563894486418899
898,-42.941474247374884,-2.5528919694972654,-0.6432090431175881
899,-43.33402344488276,-2.498067007774344,-0.6307644919961162
900,-43.69726962124898,-2.418743823056994,-0.6299293412999681
901,-44.11202320283074,-2.3145921163277325,-0.6393367528027156
902,-44.53205980303983,-2.2457362239193333,-0.6539400171957148
903,-45.00263356857593,-2.1339454205540433,-0.7355769982601601
904,-45.37352017288159,-2.0324295473102074,-0.8684709731046185
905,-45.6700206380585,-2.007646261731969,-0.9668743074234616
906,-45.919215568478506,-1.9849141821381502,-1.0243821515005083
907,-46.02949425444395,-1.972605574492216,-1.0686680993525335
908,-46.01516036403233,-2.0290655113734006,-1.14859285903025
909,-45.900637111568436,-2.06862471497535,-1.2401847239299864
910,-45.66851817986904,-2.143591270834488,-1.2829705255168187
911,-45.35753606655226,-2.1929986742861,-1.2963939450609736
912,-45.01593253564861,-2.1486795896503676,-1.2915684295727519
913,-44.68512118349949,-2.1534829591974365,-1.2807270279364622
914,-44.30234649024654,-2.1686925189419037,-1.296102915763018
915,-43.952965515311206,-2.20438964105635,-1.3052452654392561
916,-43.54793088566629,-2.2643808458222763,-1.289774549312634
917,-43.08854231287295,-2.3016237970050923,-1.338486591059165
918,-42.72036741631551,-2.3554061606239687,-1.3491697843793096
919,-42.34655439293155,-2.392892866162577,-1.3566523835205822
920,-41.952655862217824,-2.344207037563095,-1.4286272718981674
921,-41.60857307013845,-2.2682083441655942,-1.5099773890542538
922,-41.20265348793495,-2.2466698329843386,-1.5791060992685813
923,-40.79967405423048,-2.127870847420473,-1.643021251299585
924,-40.442961290386876,-2.0481548021369025,-1.6373320394019912
925,-40.015528919119106,-1.9850943278862068,-1.6427239254381605
926,-39.532669889754295,-1.7805677086524354,-1.6521845997825735
927,-39.124551106006415,-1.5975112788804737,-1.6469024957103169
928,-38.738695838736014,-1.4662369644127033,-1.6265343935457386
929,-38.31019448779257,-1.3911446355528607,-1.5984517079870333
930,-37.88220884269904,-1.319013134514229,-1.5901914704872908
931,-37.417505624144674,-1.1979047818489525,-1.6037279080096407
932,-36.83778372355687,-1.1002064243200458,-1.5800318058415617
933,-36.243079031156896,-1.0796467881922982,-1.542647387903514
934,-35.583022277684464,-1.1263254964212477,-1.543186651212121
935,-34.76353718205595,-1.2478515903638558,-1.5056771563693108
936,-34.014835325071274,-1.3216099866987412,-1.3679579356662763
937,-33.25190203579087,-1.4413333088437124,-1.2067244530046857
938,-32.36823973215199,-1.5857899591797728,-1.0079139253267684
939,-31.699853401980672,-1.534824921646975,-0.9362699377559677
940,-31.08803085656401,-1.5662035492582471,-0.898317458589799
941,-30.48145126853354,-1.7516578192758128,-0.7773598794723061
942,-29.96180275984816,-1.8861855360714848,-0.702340444480495
943,-29.39339348708987,-2.078524662469307,-0.6370774543249887
944,-28.65794377068185,-2.293013468852666,-0.4584152896687729
945,-28.07386830416485,-2.2719645518304237,-0.37664279872043077
946,-27.534450797464437,-2.26978677101418,-0.34082430007084275
947,-26.906852850024535,-2.3445254908095716,-0.2739150742673354
948,-26.4042471132371,-2.3062937633364258,-0.23524734623967739
949,-25.869779468082662,-2.273576489566802,-0.23275646166385552
950,-25.255739311181852,-2.28728707330996,-0.20177708526804672
951,-24.712868507190567,-2.1971023706472774,-0.17754456162971272
952,-24.15004162464902,-2.088927165320885,-0.15553678531737394
953,-23.49694933137925,-2.0585959948291976,-0.09353056137771094
954,-22.96215214122259,-1.9855210001022787,-0.0498955216542737
955,-22.367906881787132,-1.8531109563390016,-0.016095430585733688
956,-21.87740722824212,-1.8018565970508824,-0.02205870591061078
957,-21.377448096394854,-1.8006421073513084,-0.061521153783794594
958,-20.74876658913585,-1.7724365854442539,-0.08022846134242373
959,-20.255426833585922,-1.7082359580572173,-0.06252546505119212
960,-19.778896426222285,-1.655319597236329,-0.056759024569482626
961,-19.285517654938715,-1.6121074516102032,-0.038002905171399065
962,-18.79254214515936,-1.484406938086059,-0.02214393986667371
963,-18.40632595592812,-1.321474023616381,-0.05257258224305716
964,-17.92980208395423,-1.154876509207864,-0.07145401626723395
965,-17.414783811521673,-0.9407864486172082,-0.05708977514109061
966,-16.844145372884704,-0.730407064583132,-0.08066038408960494
967,-16.12948431140989,-0.5529279145649736,-0.12702709589889222
968,-15.398606980373959,-0.31274600646112777,-0.12098527339973039
969,-14.631551568967835,-0.05218698672065468,-0.10090072224851418
970,-13.755668162061063,0.1917193517205972,-0.1147068622225898
971,-12.978906119232857,0.38988194629045825,-0.08368991978690576
972,-12.223825734358023,0.5545742806277169,-0.043623590485609466
973,-11.320047708212064,0.6997321221046854,-0.022898020420748875
974,-10.542013599344227,0.836415885621057,-0.009582510136319392
975,-9.833726587057564,0.9418981285193069,-0.028956673266166945
976,-9.032432479583228,1.0053982961447314,-0.03777341348674898
977,-8.361927599033422,1.0663422186805382,-0.008603975495537281
978,-7.819703527784819,1.1267136883545752,0.014564544424697144
979,-7.347821961743669,1.155397007901954,0.017498279049693505
980,-6.987086278878712,1.2212809462968544,0.030835852378937892
981,-6.687939607862612,1.3718463304117947,0.11444329963387669
982,-6.580776745757646,1.498102710680593,0.16547755187702995
983,-6.581963073874539,1.6624501107810405,0.17917851094151863
984,-6.63893580207838,1.8361520697678242,0.21050649378406783
985,-6.774176680620393,2.0162881084598157,0.24486315855028434
986,-6.9219010191940535,2.205979956152055,0.2816517308105442
987,-7.059313531425421,2.357216602345362,0.3515732834365515
988,-7.2342222864711765,2.5577752489587757,0.46218966282005
989,-7.384226677737301,2.82314689084868,0.5366792779114042
990,-7.494495746448965,3.067261518779553,0.5714431793606011
991,-7.571876570206794,3.306384800472969,0.6324417302991845
992,-7.595159434845837,3.4416770446482468,0.7123740455825842
993,-7.582737781177103,3.492250742438979,0.7995235228336163
994,-7.564668257177303,3.566880357642744,0.9141035196303489
995,-7.5708102214002295,3.5832384908951207,1.0052427877925676
996,-7.59365592724321,3.450649241391644,1.0613053174302896
997,-7.567258571251859,3.220052911361161,1.0923415896618607
998,-7.533994217100426,2.98921047907829,1.1094656322985887
999,-7.513506466125353,2.709730351510749,1.100130125903444
1000,-7.461145865888595,2.5878472970442177,1.0811716995110459
1001,-7.385873584741197,2.6500116084799243,1.105832495468524
1002,-7.304948139159366,2.6547788023539542,1.1410058202145952
1003,-7.240323402500923,2.601107402719701,1.159260607943732
1004,-7.216035730023014,2.601421373715389,1.146771786802004
1005,-7.229540538207371,2.508442932558073,1.124039142980143
1006,-7.271336082679945,2.34747774070636,1.0920265480455915
1007,-7.320959394508973,2.197786010473846,1.0454564050925983
1008,-7.386959570075026,1.931789850221214,1.0300889333289296
1009,-7.432372504374198,1.6695336379620216,1.0104342650929472
1010,-7.457370448160697,1.5330657258466418,1.018884191214882
1011,-7.489353922494636,1.392059805734311,1.0731550872739994
1012,-7.571252470144667,1.1966818611576144,1.1358376222636903
1013,-7.726534821808692,0.9325518863086287,1.1575911557969556
1014,-7.915388232555812,0.6658536457225959,1.1746729172416337
1015,-8.108224337921488,0.388931082586541,1.1857581773105712
1016,-8.308305055881416,0.1679608458716413,1.1618378373685543
1017,-8.489038351995635,0.06707973373627224,1.1102074568764984
1018,-8.62865613668465,-0.08016664946537749,1.063838790837713
1019,-8.760286804041138,-0.3007517408900643,1.0308519955835769
1020,-8.858818105844698,-0.5323006865615045,1.0056307211873026
1021,-8.928176578986015,-0.7366052928525326,1.0107469596862275
1022,-8.991636974264713,-0.9573069536306651,1.0165732331642339
1023,-9.036713335414904,-1.065400289633643,1.0092421836571317
1024,-9.057365433881674,-1.2139256569782808,1.0044097181696514
1025,-9.085566660243071,-1.4340669226718359,0.9971015225883442
1026,-9.118716398850259,-1.5703737337821475,0.9836893791358228
1027,-9.15125216932618,-1.664402685784856,0.9942968762022001
1028,-9.205381858143127,-1.8215496862673233,1.0043198584947224
1029,-9.312166656820402,-2.072513258630189,1.0212495774822956
1030,-9.436052680529276,-2.2777790110301965,1.0084900090859925
1031,-9.574975487825597,-2.482121399732168,0.994734541911088
1032,-9.684717782434447,-2.6862554659724456,0.9851222247362934
1033,-9.776901225620435,-2.8465272201876703,0.9836502122703845
1034,-9.857028433226235,-2.9728638076083245,0.9785119891003964
1035,-9.921269445460519,-3.117808731257243,0.9526155406915918
1036,-9.966576065862682,-3.2145688902195575,0.9356609837118529
1037,-10.04338716114586,-3.279558479549413,0.9620836768440242
1038,-10.133748765013502,-3.3957817098099934,0.9907805027708052
1039,-10.238049062200915,-3.556881882451779,0.9963404901157569
1040,-10.335099908477527,-3.709136021652145,0.9524968661565312
1041,-10.36610495026597,-3.839437438243075,0.8811404935785258
1042,-10.347678657773109,-4.021687340013446,0.8353543745204643
1043,-10.267416552835558,-4.150597881483254,0.8123796462073015
1044,-10.12959085358545,-4.244519175997818,0.7983807468251373
1045,-10.012957695909696,-4.373833109748548,0.7885889237438928
1046,-9.892748051381355,-4.501276469513794,0.8015791962997466
1047,-9.803892644898967,-4.557239969804391,0.7921361931086511
1048,-9.7346587238287,-4.646955133331551,0.7824973555903649
1049,-9.664758953799211,-4.814257557183769,0.7806525642117164
1050,-9.592674617217567,-4.968340386348274,0.773683743649737
1051,-9.498211222033474,-5.112388094646606,0.7691313692749063
1052,-9.36674106542616,-5.158312902136073,0.7910321037179414
1053,-9.25793707567551,-5.167017622046691,0.823702392135168
1054,-9.169772377682916,-5.196099949967379,0.835751592703464
1055,-9.124906838808752,-5.166706419025022,0.8379222054450082
1056,-9.123184838110587,-5.124690645924332,0.8853151798422239
1057,-9.155791720673808,-5.138123175800624,0.9346692189148043
1058,-9.206228808479189,-5.193813525572242,0.9507645594541001
1059,-9.226348147863593,-5.239812185081938,0.9456636888805787
1060,-9.20807638965584,-5.349743592089417,0.9649892819623331
1061,-9.142048414666135,-5.503375294112395,0.9900353718321425
1062,-9.076477312180842,-5.606566994333551,1.02832716665764
1063,-9.026365514776714,-5.742659042167663,1.0617097937862496
1064,-8.994765944298809,-5.904242249105278,1.078544111559093
1065,-8.983356417917236,-5.953255398596761,1.079586673059545
1066,-8.983983946644058,-5.999201123710455,1.1079305431418267
1067,-8.984869317106249,-6.118628278336578,1.139209698804767
1068,-8.991918709629312,-6.172502636813025,1.1273651158700586
1069,-8.992971375400673,-6.226934514008676,1.1023665920025196
1070,-8.963968768490494,-6.343857530191578,1.0850747150903814
1071,-8.912315043357607,-6.464897903224951,1.0769175704772638
1072,-8.855875124182994,-6.555141275248829,1.0662249878938894
1073,-8.802616291558373,-6.668409161505034,1.0666694849974705
1074,-8.772061022829627,-6.780968932030224,1.0781167990145326
1075,-8.762483581475301,-6.8784086753613485,1.0979639939538366
1076,-8.7749868019038,-6.943257956312519,1.1028788575720732
1077,-8.797900007630535,-7.043279959009998,1.0822353918516137
1078,-8.815562166503662,-7.158822838884186,1.004329250004691
1079,-8.815282980253768,-7.259779387692185,0.9623184645932447
1080,-8.80455437347658,-7.301931732367722,0.9294759273454536
1081,-8.793100053205789,-7.32305526604902,0.9236616221794143
1082,-8.805430352352387,-7.381453230787037,0.9301876543907045
1083,-8.830268537006372,-7.439924295774491,0.93257448530494
1084,-8.850886484249912,-7.4868327084398025,0.9170438093025196
1085,-8.868086747828874,-7.550468206174733,0.9260192113467015
1086,-8.8934372863392,-7.559057719820852,0.9272854643669297
1087,-8.909062993125684,-7.567273253518723,0.8941073940811615
1088,-8.903562938624757,-7.593821560675867,0.8470806352118778
1089,-8.885105603238863,-7.611432523961178,0.804801711518651
1090,-8.844285906580453,-7.650926197979427,0.7632182931716381
1091,-8.787710995461275,-7.705127127527995,0.7279822549030995
1092,-8.734388223905913,-7.733925107100423,0.6955179393749616
1093,-8.695431069788745,-7.720760703741357,0.658854978560535
1094,-8.674883986333404,-7.73959889541754,0.653680043124305
1095,-8.673861157197713,-7.768384961476724,0.6634580457448565
1096,-8.6857671273957,-7.80626416766388,0.6447104040521496
1097,-8.695984319605042,-7.827750409758002,0.5813172315149245
1098,-8.694658398363202,-7.867665028849568,0.5277792747512334
1099,-8.662281331181559,-7.9127877094834576,0.4706792143059014
1100,-8.625824146498438,-7.931762129109133,0.44429720882345297
1101,-8.60797586345872,-7.950649463115577,0.4533541195692108
1102,-8.606961572128837,-8.008942562987482,0.46736246382219604
1103,-8.64427646045996,-8.058071857512209,0.4838593447735112
1104,-8.673307053600833,-8.059561639970461,0.49729053805023066
1105,-8.69529190355409,-8.05572150157664,0.5211471611659773
1106,-8.697051545330929,-8.048177421576646,0.5341951701637984
1107,-8.67945683512368,-8.039903241538973,0.5419727811609903
1108,-8.640801724296585,-8.057371787818358,0.5290260510604468
1109,-8.589840710143882,-8.073644139482711,0.5116582142812276
1110,-8.503020716565905,-8.091636884288956,0.4870529917714319
1111,-8.389160638216296,-8.121457391947137,0.4550713251504988
1112,-8.248921301264522,-8.154611167030318,0.4405726213471811
1113,-8.061695103727747,-8.167389847416992,0.4850842431333653
1114,-7.888523742216869,-8.202484782597857,0.5466816629150175
1115,-7.695661262229675,-8.24935966422456,0.568818732571984
1116,-7.463765264710208,-8.283331179620411,0.5479946066808294
1117,-7.252113630013945,-8.361291995230458,0.5505161203857543
1118,-7.034765574508737,-8.436605141516582,0.5499842194120654
1119,-6.824413933823022,-8.493390545037753,0.5640347720990584
1120,-6.600686482009488,-8.624030774329022,0.6022699570596295
1121,-6.4238025055902614,-8.748535470114346,0.643733153406871
1122,-6.262075268930074,-8.839124167803861,0.6945839643807328
1123,-6.145840399895223,-8.933342312493716,0.7670275109593336
1124,-6.039797937743788,-9.035555448749458,0.8440363452389725
1125,-5.922956608733529,-9.175998466424861,0.9178912863555018
1126,-5.758285361246088,-9.325227271781674,1.0060058479775345
1127,-5.5640242961489665,-9.454524445937285,1.0812253803826528
1128,-5.30366382342455,-9.641022313131202,1.1601757490393407
1129,-5.030342442075954,-9.839121939978572,1.2229128234494202
1130,-4.747849674252143,-10.063924947568303,1.2894497700460603
1131,-4.478882172505243,-10.34329640974252,1.3751116473881606
1132,-4.220706350545004,-10.641353888624593,1.4461294759428844
1133,-3.992500261620555,-10.95043217155811,1.454755578229937
1134,-3.7513069943468134,-11.41618804739647,1.4097732308887558
1135,-3.506879280032135,-11.97545694631509,1.3489597095811123
1136,-3.2171413311092323,-12.535806676152472,1.2939148048166813
1137,-2.885531874229971,-13.092534930015052,1.2508883514532516
1138,-2.507148244921055,-13.7895090852618,1.2246411767608971
1139,-2.1113427040489006,-14.449269870773264,1.207018047285976
1140,-1.6972890370844986,-14.971785677561254,1.1683561834254546
1141,-1.3007070193809867,-15.449590347600783,1.158816004118157
1142,-0.9307703548955882,-15.917739749367103,1.185848356906014
1143,-0.554528109411413,-16.351599980690878,1.1727559871903368
1144,-0.3041629934428309,-16.71292048249817,1.1137876595977094
1145,-0.12224833810904592,-17.093101522415008,1.0479789791724614
1146,0.007445806548755264,-17.39743423723266,0.9733463384524312
1147,0.07621591869792452,-17.623945581815036,0.9052885203075665
1148,0.12812410163648627,-17.75797860377584,0.9044461658963854
1149,0.11263728825448856,-17.787483456713076,0.9294266219181172
1150,0.02694468066005671,-17.802597536727276,0.9202545317731112
1151,-0.14344073392093812,-17.782107820899906,0.8605336530771044
1152,-0.44203884416063755,-17.82192284501751,0.7872546356372427
1153,-0.7955647345774968,-17.962998333554474,0.7481656770431424
1154,-1.1953728162845936,-18.19339811572415,0.7289946169890568
1155,-1.6708015950903732,-18.53942393796417,0.7153228196302384
1156,-2.065608497449576,-18.76987380167381,0.6874447092571601
1157,-2.39883084694878,-19.018234491557255,0.6462157670506181
1158,-2.711166748372084,-19.349342962201384,0.6204332440610376
1159,-2.8856210933326816,-19.585538468500392,0.6430596860925726
1160,-2.9603574411903892,-19.852619764077,0.6417310542362448
1161,-2.9124169195847536,-19.922516291303605,0.599539855783863
1162,-2.790056326493576,-19.910617321974318,0.5494025327633715
1163,-2.5717172408842326,-19.99943803000904,0.4894573250451548
1164,-2.344772561909818,-20.086868111739967,0.5061452912078243
1165,-2.1193288809556288,-20.173332165915227,0.5882787950010191
1166,-1.9103822689893357,-20.39233702789493,0.7200449348755853
1167,-1.7223924469991214,-20.591726418509523,0.851289952668586
1168,-1.6273014003533695,-20.55415181185916,0.916768147140594
1169,-1.632886772314436,-20.460088648255862,0.9385133346997703
1170,-1.7251832119941888,-20.3862332915002,0.9353773174221127
1171,-1.8771003919242395,-20.26523518386663,0.927368814017903
1172,-2.111250283303749,-20.09065840399068,0.9429935118417158
1173,-2.3822533827138317,-19.915966414596603,0.9392579320299121
1174,-2.690805903022479,-19.784143989390607,0.9034500255094651
1175,-3.075598281507912,-19.680937977484188,0.8577334890025363
1176,-3.4627418392399303,-19.557530034602703,0.817882537440511
1177,-3.8904568484125206,-19.47304176403952,0.7525336896739827
1178,-4.355236061139547,-19.434803101131862,0.6939747435323574
1179,-4.715410356565345,-19.414197052245843,0.6367498186931217
1180,-5.0017595757949795,-19.411377746423877,0.5843836662414497
1181,-5.205597832037477,-19.372915169435895,0.5567280706216098
1182,-5.286004394062313,-19.376373130846844,0.538011751749083
1183,-5.321226397593209,-19.41618303205865,0.5400342347652098
1184,-5.5040790010762395,-19.33355949920449,0.5525835332393456
1185,-5.968584602033099,-19.207563743870544,0.5023622735985077
1186,-6.748310544147236,-19.12331152079315,0.3631926890216435
1187,-7.968701027148944,-19.01049719617305,0.0902748890593355
1188,-9.257006454842536,-18.885012217889127,-0.2327663601019192
1189,-10.719135236682684,-18.66685788820237,-0.6191384429849381
1190,-12.502065795578952,-18.440824529404445,-1.0209073995337479
1191,-14.253572106421641,-18.18237533009072,-1.3233454903450048
1192,-16.303252453930373,-17.86836799729913,-1.6592173657205818
1193,-18.175952710080704,-17.547519209426003,-1.9154591454510934
1194,-20.128930828259143,-17.169946429499944,-2.145356526464507
1195,-22.171681944651922,-16.76849165748948,-2.4270592190228086
1196,-24.440004861062633,-16.249229957753887,-2.721332816895991
1197,-26.403014307581103,-15.884384743498506,-3.021604904622991
1198,-28.276299914132004,-15.459981388699234,-3.3091913960529205
1199,-30.268295187266467,-14.929761942670345,-3.5510824362400593
1200,-31.937941948910122,-14.399370069123755,-3.6611911693087222
1201,-33.832506328102546,-13.764344618040724,-3.776997658914144
1202,-35.44751602230445,-13.299035288824076,-3.9386951662869603
1203,-37.04570419510247,-12.726452911421163,-4.096094029354943
1204,-39.07582821826095,-12.061230112558246,-4.288135787687337
1205,-40.76464355638204,-11.5578262061813,-4.49882349863857
1206,-42.389767810939205,-11.074176136970134,-4.701121896432301
1207,-43.70907621146889,-10.654071107629257,-4.7987582748986854
1208,-45.05409135327286,-10.244843636204735,-4.798640882616137
1209,-46.13673295021155,-9.966879680943086,-4.761503890796108
1210,-47.2395724570607,-9.793903620212625,-4.581471690261429
1211,-47.874990589440856,-9.863833883854511,-4.348099751672762
1212,-48.179560748009045,-9.848308626465112,-4.128527634428467
1213,-48.10949076149731,-9.980381542581373,-3.8444400799571317
1214,-47.63669811707789,-10.134790557807602,-3.627363513376222
1215,-46.88742590991481,-10.263423461845257,-3.420601607978647
1216,-45.72233666655424,-10.636847830278088,-3.12391198173844
1217,-44.381798944414214,-10.962238008174591,-2.878192020919859
1218,-42.88210358391969,-11.23522862336843,-2.609237488823009
1219,-41.04454433763294,-11.662998417508847,-2.236101556938398
1220,-39.48591888358149,-11.905557244677674,-1.9312755583550463
1221,-38.116605533363796,-12.265400716919325,-1.5398969636032118
1222,-36.76779746905748,-12.730631494913805,-1.111540985613782
1223,-35.89629222506248,-12.976761785286861,-0.8744675055805643
1224,-35.078504076057925,-13.459423973304087,-0.6055452461612565
1225,-34.412886523401916,-13.733889996626395,-0.4439552191223724
1226,-33.812509066652716,-13.846330087237613,-0.3804315259409216
1227,-33.140407236080875,-14.091013028306804,-0.28018902981332605
1228,-32.34797693210146,-14.209125709779872,-0.09821176885981994
1229,-31.615178719042916,-14.264169325331086,0.06729036235970653
1230,-30.8029873045694,-14.404949392967263,0.2740433003949211
1231,-29.876178714106068,-14.465721271013798,0.4827848706557144
1232,-28.9492574294969,-14.58060088376275,0.6489045136660105
1233,-28.03525328448278,-14.7070694568262,0.8642201942658321
1234,-27.04213190112324,-14.731404013308651,1.0926439314297776
1235,-26.123632330163268,-14.823204105595092,1.2579719946101364
1236,-25.13703607954566,-14.889223619576619,1.4344333424960591
1237,-24.217661999616816,-14.884344294548526,1.5760970934087573
1238,-23.359544211902094,-14.957577860522235,1.6735866159032498
1239,-22.403702840336166,-15.079159476228122,1.8189634916448978
1240,-21.586788516659745,-15.160411801421189,1.9807898426695758
1241,-20.764900327116425,-15.285155329340254,2.129327823744077
1242,-19.8134848968627,-15.427995872270131,2.307479853034741
1243,-19.015722560082928,-15.466393559118053,2.4662000456268873
1244,-18.248591116883855,-15.489245888190771,2.5854086862605676
1245,-17.489060510632903,-15.47889177919328,2.6680018506020335
1246,-16.700213859218668,-15.341787752460124,2.7525117523471905
1247,-16.05847627742582,-15.2518600855187,2.8118644045404313
1248,-15.413537895169396,-15.253796375842665,2.8636926173634034
1249,-14.938812386013906,-15.32191475349861,2.9244800870729835
1250,-14.551460120252688,-15.422611098407394,2.981549156034123
1251,-14.21213301215635,-15.554169207175617,3.036690641898659
1252,-13.984392364723199,-15.655385093468196,3.042250400720191
1253,-13.815505477258439,-15.742351201628416,3.0252888735490195
1254,-13.700632178209903,-15.830359653116462,3.0251701980483006
1255,-13.626738856461943,-15.84954934635048,3.0511676152489824
1256,-13.608689934985755,-15.867882027523109,3.072457470272544
1257,-13.654862388790495,-15.916199596040629,3.0582771824551562
1258,-13.788990364345551,-15.938391051522915,3.0192537120691325
1259,-14.032541320572278,-15.971196023204916,2.974329238885124
1260,-14.509196036428342,-16.014206032902706,2.9121473412911567
1261,-15.253656482177831,-15.959663878967902,2.7842374319104786
1262,-16.316102396541975,-15.959452150572687,2.5574780428459163
1263,-17.712769690404855,-16.0227879277363,2.215202515735561
1264,-19.09492057659617,-16.057850238413792,1.8833949845192464
1265,-20.738244502856233,-16.153797586394678,1.5644470636130932
1266,-22.264703068919268,-16.26914604174754,1.282075813894331
1267,-23.880148390978704,-16.406654280216618,0.9649866139197283
1268,-25.41429980449211,-16.5175458075287,0.686027338303797
1269,-27.107949522772582,-16.614323561335826,0.3447232441313369
1270,-28.630256668172063,-16.666799161348152,0.08055455617968635
1271,-30.277577892565194,-16.688412623504387,-0.20393877340707797
1272,-32.19442365665914,-16.725891018666772,-0.6104784035766415
1273,-33.96882186209825,-16.74803780200267,-1.015734278366489
1274,-35.7862685027958,-16.651113698931205,-1.433143746669731
1275,-37.868943931963116,-16.340944874658977,-1.9023141300360986
1276,-39.81811381972174,-15.933326644908385,-2.325764859152632
1277,-41.88284541752794,-15.377824993946644,-2.755835850276699
1278,-44.29619900329375,-14.580737482727402,-3.2477886383765253
1279,-46.33443995259732,-13.86511159113394,-3.7248516297181196
1280,-48.51064397606081,-13.058023507158808,-4.082146481218612
1281,-50.32523523103155,-12.419703132678528,-4.351717631366445
1282,-52.019344364561164,-11.722518201244082,-4.556389604346004
1283,-54.02788576062896,-10.915521475920633,-4.711114559573509
1284,-55.77797948323223,-10.266737981893973,-4.890947067228211
1285,-57.53232264722797,-9.481529616160541,-5.088629992374086
1286,-59.12318483980579,-8.857155842524424,-5.3244228827267435
1287,-60.68373309116526,-8.088694884087731,-5.4566810699994335
1288,-61.85245276709852,-7.521214829368375,-5.505724200556024
1289,-62.708708671241396,-6.975656333785457,-5.561947519950431
1290,-63.16314444008269,-6.6102603505512665,-5.471025126283752
1291,-63.1937316029434,-6.50674505466095,-5.325473010054266
1292,-62.79764760043764,-6.344540127765854,-5.118659097663401
1293,-62.08057456382514,-6.461650548786223,-4.8327696546249905
1294,-61.07260651286594,-6.517932568500269,-4.528080801631437
1295,-59.801561703936976,-6.593709387103935,-3.9988100585447763
1296,-58.43912682397361,-6.755062240979483,-3.587317369714679
1297,-56.83764012420576,-6.877209967426034,-3.318960747946956
1298,-54.6727800244473,-7.18351758840061,-2.757985433012098
1299,-52.5907944799269,-7.302054676771343,-2.3504314195987566
1300,-50.16261520479327,-7.659311177062569,-1.9342948152676473
1301,-47.38462161285854,-8.158033268100711,-1.5096640549806204
1302,-44.63823525192618,-8.588812812231405,-1.2177938737075156
1303,-41.41535533822162,-9.440159666040906,-0.830344964447435
1304,-37.7599015739293,-9.90986885723486,-0.307592975654683
1305,-34.479084312645256,-10.216075304614263,0.0799773451724619
1306,-31.108485258238233,-10.735862843273877,0.5674324176345407
1307,-27.573779145531606,-10.965860556317686,1.0696073280388603
1308,-24.67032346732419,-11.167189332956461,1.3134209323826205
1309,-21.620082889524546,-11.564350222281801,1.7075517670674127
1310,-19.31459982457426,-11.793654973110353,2.104439109173147
1311,-17.205925848215767,-12.094879840485337,2.3988306716828287
1312,-15.297352972298519,-12.384904446502254,2.6975249768134
1313,-13.471755582661906,-12.56562274418159,2.897315625958286
1314,-12.028825010853314,-12.78662370185454,2.981439019534127
1315,-10.627781668221145,-13.147327535829744,3.077749144900286
1316,-9.630271341022054,-13.342826966070326,3.1597423790382093
1317,-8.829358406907335,-13.414925918373472,3.1759004281132874
1318,-8.179405433845327,-13.56613878365913,3.118524412829022
1319,-7.614309021172321,-13.857322888918103,3.0772345342384804
1320,-7.246272545587302,-14.05672859943817,3.0488496261211484
1321,-6.974295215772249,-14.22906727158783,3.0228346812697717
1322,-6.745639885655857,-14.53442340390005,2.9549731758963858
1323,-6.568362348391303,-14.739968080434629,2.93085249188225
1324,-6.402213809826456,-14.88389522545223,2.9246265104425744
1325,-6.289443155497832,-15.102437293473596,2.951312204485647
1326,-6.182582797239165,-15.465290426737079,2.967164176543293
1327,-6.033598771463183,-16.006412385554768,2.982676134173624
1328,-5.902617295411491,-16.365155527728056,3.0104266902018284
1329,-5.797816682803783,-16.417429458736663,3.0269691137318544
1330,-5.698957906200654,-16.47691453375459,2.9762824542174275
1331,-5.635067217292269,-16.608842419892106,2.9394507026654244
1332,-5.616218983798465,-16.698463642347498,2.9533761966464356
1333,-5.63178962476352,-16.884108211578898,2.9285314893735923
1334,-5.6324632430248345,-17.1222538273091,2.820019628168084
1335,-5.617145335728534,-17.256932514144623,2.6976925294345193
1336,-5.614001288740074,-17.236538425892075,2.681154552123019
1337,-5.636281266934333,-17.309962927575476,2.7264441323328477
1338,-5.645696981756761,-17.406836476999914,2.7423302552432056
1339,-5.669269017124239,-17.440896770275586,2.78515779739107
1340,-5.689579974453558,-17.512326904318535,2.8253988143559012
1341,-5.691683695653014,-17.569407456846747,2.8591174703141276
1342,-5.689798110658583,-17.512098120912412,2.888879511567076
1343,-5.693019862261822,-17.498209932950225,2.864221101809123
1344,-5.679163223621762,-17.50900100823548,2.823803756091416
1345,-5.6150800405038,-17.41732306516023,2.791069309995537
1346,-5.511413670889858,-17.33662403724935,2.7478968548633134
1347,-5.377330523322993,-17.145274258598704,2.7247626297224348
1348,-5.222072457074246,-16.717720645227146,2.742633770946684
1349,-5.124971112845095,-16.399550517515603,2.77011968284212
1350,-5.035007391612357,-16.002133051581513,2.755778530294128
1351,-4.929530489314827,-15.286468386887988,2.7146290045086037
1352,-4.86325284108093,-14.718089095083993,2.7371461558015064
1353,-4.738336072718542,-14.412616675305614,2.785121725552893
1354,-4.679621632130057,-14.426424447747703,2.7709311924796918
1355,-4.71421164863003,-14.634252034479056,2.830203839332496
1356,-4.759544506880119,-14.99993755282118,2.8587911162278967
1357,-4.762733308155159,-15.225323717853792,2.85137391909921
1358,-4.708510528802345,-15.245633378017423,2.8395883319631032
1359,-4.6432441760374985,-15.27273771889916,2.8196836691545286
1360,-4.567513511532061,-15.254486200614163,2.7550771495470756
1361,-4.486282315688537,-15.285792222012955,2.6835739265948426
1362,-4.415120172894417,-15.369593425389665,2.611878455206598
1363,-4.359088319119706,-15.520432231316011,2.512637332906422
1364,-4.2922915646639375,-15.731690375843092,2.3528721234686234
1365,-4.151564342057156,-15.97963901624868,2.1510148929837523
1366,-3.987945818525737,-16.13586467261213,1.9849835901323205
1367,-3.835915080858752,-16.28286493315138,1.8111286032025635
1368,-3.670256369029899,-16.502952556270227,1.642455075786847
1369,-3.48012558905033,-16.66399180897304,1.522923669641047
1370,-3.31490468225388,-16.73072108027815,1.4380024267687193
1371,-3.072949669437257,-16.79700916640941,1.2825565964757555
1372,-2.8251418291892425,-16.768855383800854,1.1688364297917189
1373,-2.5779032409673728,-16.725027105207825,1.100787853550352
1374,-2.2952182020586234,-16.57245389064694,1.1165703288603217
1375,-2.062659357875056,-16.393920444047996,1.1950520571911736
1376,-1.8570489765423668,-16.3030526478494,1.2549313947831964
1377,-1.7056814412216965,-16.232304010625725,1.2420889096322456
1378,-1.6294725408145423,-16.12916856268576,1.1800959659309027
1379,-1.5943369571208825,-16.070566135386294,1.1087523024929857
1380,-1.5836419772655956,-15.846161692027078,1.0933143553570823
1381,-1.596802648686697,-15.556786784835792,1.1274612718647266
1382,-1.6146084386352062,-15.37390597101423,1.1284592238138231
1383,-1.6309541542151744,-15.292048454594083,1.0895165670926659
1384,-1.606655835833868,-15.25626198715466,1.0558572663760941
1385,-1.5541624151095506,-15.172668230220218,1.033347153049371
1386,-1.4831829022363614,-15.138642089649835,1.0016441319272413
1387,-1.4141628779380793,-15.153366709819181,0.9487355664140176
1388,-1.351708487164422,-15.151047942394188,0.9013088679582775
1389,-1.2884228158737225,-15.16154386534075,0.8376267997678072
1390,-1.2462780898251453,-15.162648609467386,0.7980929717497856
1391,-1.2024347857397997,-15.058883968769784,0.7540852631703662
1392,-1.165255395771432,-14.930424447648916,0.7005467194373018
1393,-1.1226143155270978,-14.85700135061175,0.6457695102445428
1394,-1.0599542958402082,-14.791157034813061,0.5962556020590839
1395,-0.9816991260743615,-14.743403544395667,0.5633917204704545
1396,-0.9200387404872366,-14.766142237784393,0.5460258580427627
1397,-0.8770549199378271,-14.756023581242594,0.5430361028606993
1398,-0.8421078840442382,-14.68887645281852,0.5156824229420163
1399,-0.8092476309935511,-14.696123027893387,0.4545936388025391
1400,-0.7802430730327349,-14.77913809610946,0.4352141245797423
1401,-0.7579719075544522,-14.79750888666945,0.42829562330128923
1402,-0.7546398958670475,-14.818241036321691,0.41592081481350607
1403,-0.7692724020069949,-14.859745282314229,0.40218682538157013
1404,-0.823650472026079,-14.860901251052606,0.37848767014035756
1405,-0.8861316008792861,-14.840454709805424,0.3364746168926971
1406,-0.958813937271015,-14.829265684651594,0.31087218677893913
1407,-1.0461396010089592,-14.805038904595973,0.29133573829012926
1408,-1.1155025912498018,-14.775278158984825,0.25882950781267045
1409,-1.1959622386581215,-14.786404084160614,0.19040127197277112
1410,-1.249605663536282,-14.828936139649366,0.11081420807253634
1411,-1.3017413689435102,-14.879337942493976,0.027000067557005302
1412,-1.3778958338055016,-14.97056301071175,-0.08760449190695749
1413,-1.48190640047023,-15.089977760410134,-0.20517525107183693
1414,-1.5854027738871492,-15.152092924473788,-0.2961386418655487
1415,-1.655898952049811,-15.163148163619699,-0.4689540579576511
1416,-1.6963639708434797,-15.17631458206823,-0.6003668956304925
1417,-1.72780194206872,-15.194383274206666,-0.6875305668681819
1418,-1.7329146448839676,-15.154500481225806,-0.7386323339294492
1419,-1.7199688036707084,-15.139948430627305,-0.7542059654178063
1420,-1.701929629534685,-15.178653839337926,-0.7351863968228203
1421,-1.6697090981950062,-15.20034670859922,-0.7273017439563244
1422,-1.641382543976477,-15.17099816293137,-0.703085682140862
1423,-1.6162374431463862,-15.139140719147118,-0.6746164936091208
1424,-1.5848785582980183,-15.121792612952259,-0.6481992432838631
1425,-1.5448398726476318,-15.101571597535106,-0.6389791817328231
1426,-1.5009609236097676,-15.056003188078295,-0.6233180918078812
1427,-1.4667763344427254,-14.997696222628232,-0.5952063676243284
1428,-1.4364182976011084,-14.980655501787705,-0.5630995164443791
1429,-1.3908185635266213,-14.969750176325766,-0.5136602067301497
1430,-1.3915752224616493,-14.931104027498066,-0.4035686313270114
1431,-1.411535396707541,-14.895657989253884,-0.35689151944108416
1432,-1.4072456227212407,-14.858703715208744,-0.34826821897945515
1433,-1.414184755828098,-14.835502567537892,-0.29992387395022724
1434,-1.433580559789769,-14.790585026648571,-0.23030770548076301
1435,-1.4941984262556547,-14.73215366518984,-0.15490083068209873
1436,-1.609395069245062,-14.669587062480137,-0.04083313141601638
1437,-1.7071465207506198,-14.61570549272653,0.03196824970168436
1438,-1.8035564557446282,-14.543116024687551,0.1025103857025101
1439,-1.9149953316666601,-14.421160265147368,0.1858772722310422
1440,-2.008734356376696,-14.287373885768236,0.22602189524257574
1441,-2.1093301516100103,-14.135322966885347,0.24270802045584783
1442,-2.1758154835313626,-14.007783803234714,0.24344536071010464
1443,-2.1925397964329725,-13.888632444147435,0.23524198347404182
1444,-2.1811761001930163,-13.76982753729104,0.2731691162354652
1445,-2.1619413634105205,-13.683726348846971,0.3545364115534194
1446,-2.1364945936285435,-13.657343937679181,0.39948433834676317
1447,-2.0841199787346367,-13.640465256879622,0.37866749621191975
1448,-2.0225841859887077,-13.65285200311548,0.36714702164661295
1449,-1.9684706152630644,-13.722355782238246,0.3661180376552277
1450,-1.9479282625559824,-13.751528298557854,0.3845142981368852
1451,-1.9711683338187258,-13.8144702440297,0.392715487578012
1452,-2.0196328063689473,-13.934457209076198,0.39495765722221643
1453,-2.0742573189114317,-13.993679036319781,0.389898007906939
1454,-2.0988097679892137,-13.968834550196298,0.39995828943507616
1455,-2.1011666037120085,-13.963003077645457,0.4234898649202825
1456,-2.0920918683750824,-13.951533743369012,0.4526595747183346
1457,-2.073085718509554,-13.924313028463613,0.47361544855331306
1458,-2.0344426427073303,-13.921113274659977,0.4907465765926363
1459,-2.0192247014652036,-13.958026606614425,0.5017849625396855
1460,-2.018296220120387,-13.999597399775901,0.5415668117982473
1461,-2.002205958580711,-14.039566243382591,0.6116521288793358
1462,-2.0006981902543246,-14.077104003559487,0.6566157971240478
1463,-2.015010890267651,-14.111837105129439,0.6455030795100296
1464,-2.0130228729698088,-14.162282884232829,0.6455950202581902
1465,-2.0104508729226747,-14.211400279952409,0.6944210003384328
1466,-2.0389646424920738,-14.17573627469493,0.7706622387606766
1467,-2.10696349751706,-14.103592939207862,0.8429447956485052
1468,-2.219366571895315,-14.023916587540967,0.9465478781998027
1469,-2.3405335413265975,-13.920805900312336,1.044983629225365
1470,-2.459767732518561,-13.826792066643723,1.1208642876134784
1471,-2.5974008882972055,-13.675600166437052,1.1762883592963314
1472,-2.6972547211937186,-13.494168119825284,1.1916452777096551
1473,-2.7545914785810015,-13.284154095915946,1.1899514929483253
1474,-2.7797776620824215,-13.05085240983298,1.1666251620786092
1475,-2.7609768342668497,-12.8497524220416,1.1440966933089978
1476,-2.715659719932021,-12.592518653704351,1.1419575617911157
1477,-2.657513172471649,-12.379904746633812,1.1461568546745526
1478,-2.594075199490199,-12.128097393645746,1.135990447329577
1479,-2.5397063659801917,-11.85428291594634,1.100618485746418
1480,-2.4761377303232828,-11.649190165852815,1.0401634498078791
1481,-2.417769659414405,-11.443384047614954,1.0153878719806855
1482,-2.3771497512188353,-11.290635070780535,1.0078097649434778
1483,-2.3623504791960404,-11.129358049834089,1.0006765929570443
1484,-2.384456753042251,-10.97571275797718,0.99619823008407
1485,-2.4551466952609524,-10.854736784499703,1.008808039764482
1486,-2.529781914739222,-10.75729620642062,1.0081719784075025
1487,-2.595592794472409,-10.592679357981647,1.0182288114518345
1488,-2.652061842607478,-10.443357258561438,1.0287900199441302
1489,-2.670256349718345,-10.344322609464479,1.0127479967455864
1490,-2.63923414200032,-10.239840222908434,0.9822066944994947
1491,-2.5583177269369752,-10.139984330465085,0.9448561257449642
1492,-2.395324194703734,-9.989344142149704,0.8997133784806195
1493,-2.220324716756719,-9.840542692518774,0.9051351612186437
1494,-2.071753607358503,-9.758177012589579,0.9150030768749761
1495,-1.9934045110080407,-9.677747037089567,0.8857889174871285
1496,-1.933345538144017,-9.586712072410439,0.8498372568311358
1497,-1.884624292477057,-9.595331835737696,0.8223013496025464
1498,-1.8252867697690742,-9.58908206444718,0.7776936516021642
1499,-1.7782259020288604,-9.505416800160093,0.7681316537108956
1500,-1.730475740393249,-9.511733343004096,0.7758025430038964
1501,-1.7095037961465154,-9.587281519344337,0.7948914807066068
1502,-1.7014614401485122,-9.674094405258444,0.8047237513137395
1503,-1.713005131314414,-9.816254725734847,0.8081915130088754
1504,-1.7187831287531097,-9.840674180434155,0.8071807517484808
1505,-1.7171279863321338,-9.822119090036129,0.8105642566581576
1506,-1.7000828054344512,-9.88609712248024,0.807576742631882
1507,-1.6625366331673015,-9.958836370950607,0.7873539401829927
1508,-1.606764798989392,-9.976342541762234,0.7796413760645051
1509,-1.557886779040636,-10.107929654807762,0.8067414318531777
1510,-1.557294581910325,-10.387174758281397,0.8515241000875815
1511,-1.6105026300952345,-10.67405290182207,0.8946686435235027
1512,-1.742274692807483,-10.858326239935938,0.9060617190544312
1513,-1.9416483476278834,-11.053595795479945,0.9319954133379988
1514,-2.1695585803064596,-11.326907398319692,0.9388465198602551
1515,-2.4666427260551678,-11.73693290691993,0.9228198013767543
1516,-2.8072894709339855,-12.255893054681291,0.8976864131529166
1517,-3.2047694245678136,-12.767237872369096,0.9001336485517243
1518,-3.5267070516739585,-13.207052218011956,0.9005397246361718
1519,-3.785473046785973,-13.712967164648905,0.9302564898899077
1520,-4.010731200711499,-14.059401902445003,0.9564920998746319
1521,-4.187773126538156,-14.310688867734793,0.9794665080226821
1522,-4.27789479798634,-14.601247898614913,1.0014052887532614
1523,-4.327483973310471,-15.028025491615361,0.9999140663805982
1524,-4.373359688416546,-15.85653638339251,0.9638209994665523
1525,-4.4078930770997165,-16.432344449713035,0.9167166005574695
1526,-4.425654125928392,-16.740418333451725,0.9282609007432371
1527,-4.435523402551096,-17.16912178483459,0.9476362261391442
1528,-4.37732677988481,-17.728432704928103,0.8756108685584164
1529,-4.277041035931443,-18.41565418531663,0.8065365261811306
1530,-4.163429061893829,-18.68560809053232,0.786162765881663
1531,-4.046432348189578,-18.747756709439223,0.8052196337122637
1532,-3.9570619217611944,-18.838311062845932,0.8482821615185142
1533,-3.921877690261986,-18.879214796165577,0.8773862908293406
1534,-3.9044510140826274,-18.944061616709234,0.8788824224003969
1535,-3.9111894042083857,-18.936083973671405,0.8720897460111849
1536,-3.907992030623214,-18.89045957438341,0.8447535150911373
1537,-3.893238008480264,-18.822340695467325,0.8207187734510956
1538,-3.8485443606502607,-18.592429296983347,0.8094053123114936
1539,-3.753280508159122,-18.43094164193819,0.8094455997548257
1540,-3.6234865378220795,-18.323222526378906,0.7983413131554384
1541,-3.5030155379334174,-18.165167046765305,0.8107917339706412
1542,-3.401913172868482,-18.06346971533587,0.826244556489854
1543,-3.320880025869377,-18.01092462517924,0.8076298900405694
1544,-3.243349027523951,-17.862718051777023,0.7378435538137722
1545,-3.175640668189846,-17.75615175120455,0.6819138035766005
1546,-3.1126169520765252,-17.692908184641517,0.654076994503044
1547,-3.0532585119278988,-17.49824750092605,0.6483511082689273
1548,-2.9944961711829445,-17.31021736522991,0.6493777710632462
1549,-2.935400656902835,-17.103818196991757,0.6434079190133484
1550,-2.8831726906360524,-16.827538069957754,0.6522786270657186
1551,-2.8473983667873863,-16.548575048209592,0.662778441932567
1552,-2.809609807932944,-16.235309448691538,0.6766834262150432
1553,-2.761518338725166,-15.889054043495394,0.6835226332672824
1554,-2.7076383249584337,-15.521516579709074,0.6731633175240016
1555,-2.6552703152197807,-15.182642529105804,0.6695483865987861
1556,-2.5901185740968375,-14.801051922315146,0.6684741259243978
1557,-2.529188543673348,-14.464022173925459,0.6900943957288185
1558,-2.4762015497292884,-14.228288657489303,0.7300777889257453
1559,-2.445280727355252,-13.977622681768288,0.794115613917137
1560,-2.4555035716717946,-13.725187887317654,0.8486577151955629
1561,-2.512710625404374,-13.48029810252099,0.8192277111609885
1562,-2.5761775556912636,-13.224981785797047,0.760983007077354
1563,-2.6301508689502153,-12.937714771379074,0.7601158398699488
1564,-2.686256106307881,-12.680465579305286,0.7833020906008186
1565,-2.777703188716443,-12.365383500778947,0.7962490875056226
1566,-2.898028738451481,-12.063223776729744,0.8002170538283027
1567,-3.05082160870541,-11.714774747435284,0.7737910523233014
1568,-3.190239303952957,-11.29032174690536,0.7398293245636571
1569,-3.332809772493036,-10.867672806383178,0.7297573570089112
1570,-3.4644011437960804,-10.455331637227449,0.6980304884567345
1571,-3.5386395730544002,-10.005882724492333,0.6486130033310122
1572,-3.573476602153874,-9.54079197258956,0.6045644736997398
1573,-3.561059430833188,-9.100801651585435,0.5757510543111298
1574,-3.5368810175825565,-8.751044840135773,0.5597646766318132
1575,-3.4970613367630605,-8.478246649287101,0.5352253014135037
1576,-3.4541332630425248,-8.248282146372556,0.5154722879064637
1577,-3.439723951069136,-8.07520136767976,0.5269613062494601
1578,-3.4567287278486445,-7.874361229944068,0.5211734147052083
1579,-3.4798030734359666,-7.641760009664935,0.44950077235683217
1580,-3.4749454888220237,-7.576688745762781,0.37224215592853394
1581,-3.457364787480408,-7.538991394839316,0.3298754269531839
1582,-3.40036377455964,-7.4978261803098025,0.3212460433544159
1583,-3.350096080364591,-7.549834728476151,0.32789645971194087
1584,-3.309019359265908,-7.574076177185811,0.33817541401196577
1585,-3.287012173373365,-7.528571856632343,0.3558379894577349
1586,-3.272133287175185,-7.527940912783199,0.35027394668802403
1587,-3.2519386073095355,-7.466821799189148,0.30660035708400096
1588,-3.246464439062613,-7.349410847404369,0.2537332262724294
1589,-3.2744356949764697,-7.297407549070545,0.24714935089746765
1590,-3.3811673799333906,-7.278330675775185,0.21045218577684754
1591,-3.561133496298564,-7.31576724667811,0.18007724109293857
1592,-3.7284925375028903,-7.388185669420688,0.18509582923252843
1593,-3.8355172191081417,-7.432147867662126,0.17782430589682383
1594,-3.86321343254709,-7.5060636391831155,0.178025929876467
1595,-3.8205865266589094,-7.563988759624735,0.20924137468194662
1596,-3.76845396933689,-7.558597552058675,0.2332195804991931
1597,-3.7393352830441136,-7.60478100812608,0.2137389341214621
1598,-3.709321956332945,-7.6553786637078245,0.12283934956664364
1599,-3.681406195554745,-7.730202785313612,0.06479103342904047
1600,-3.650942387217891,-7.883973091721688,0.012826749058370022
1601,-3.6312289630175743,-7.9752959240823245,-0.004221231934465169
1602,-3.641923302544374,-8.009640955502503,-0.007179415834881075
1603,-3.6850432613685853,-8.087732715130453,0.016840876686929143
1604,-3.724633491146421,-8.14275497795447,0.017490783517500705
1605,-3.77160566615656,-8.090629466924636,0.045112871857277734
1606,-3.8055618590082148,-8.03816416597023,0.06822502437490632
1607,-3.8219756125929747,-8.040015935684814,0.06875364365619124
1608,-3.8047102221187066,-8.039452464955616,0.03965220239828897
1609,-3.752506982953,-8.038774592593523,0.025867823646708598
1610,-3.6863990502212562,-8.093528779949406,0.02729506802523586
1611,-3.6393696725328253,-8.128704820765536,0.007974529216691121
1612,-3.630856291837354,-8.105671493732654,-0.023290271041923646
1613,-3.650108670480829,-8.101278602014302,-0.037631907177097995
1614,-3.68473419615154,-8.108524952259915,-0.036455817321645
1615,-3.7639110521548615,-8.10715457496002,-0.03497158188555302
1616,-3.879522599145419,-8.133695296347732,-0.07457926799298124
1617,-4.0138265822068595,-8.241016158321399,-0.1555196831642773
1618,-4.150701596780349,-8.359902833942652,-0.2083975395071201
1619,-4.311752639220617,-8.461818916300459,-0.2420522422640191
1620,-4.544117362278894,-8.59396368626309,-0.3060388408373991
1621,-4.88427434509968,-8.745486448069025,-0.3937448184149358
1622,-5.48982668719492,-8.905260026660752,-0.5155545703403951
1623,-6.275160849444476,-8.995187693602176,-0.6909356829229575
1624,-6.978742462316205,-9.08678377355447,-0.8178508410943661
1625,-7.57410232788391,-9.175224974787511,-0.9005834805348902
1626,-7.995072897453866,-9.202191417827962,-0.9398302805294894
1627,-8.131570114120393,-9.237056695999506,-0.9237616204162414
1628,-8.042427837362888,-9.313707797320138,-0.8976867333180291
1629,-7.756659529695947,-9.356570717351264,-0.8777382056489113
1630,-7.421816086494813,-9.401218516330726,-0.8868370313439901
1631,-7.059272123067257,-9.46748809633769,-0.8912750000519276
1632,-6.705171195802332,-9.510514091425122,-0.8863283423409628
1633,-6.4567669603273545,-9.567908266918149,-0.8856166152957118
1634,-6.269070110944843,-9.682809843767348,-0.9065890309948399
1635,-6.125431202003666,-9.807555648006943,-0.9315179404334474
1636,-6.085569944198394,-9.886386541536602,-0.9353364430094075
1637,-6.112482765716634,-9.933612418453016,-0.9275418099003968
1638,-6.195451831932191,-9.950413053942588,-0.9073435534434715
1639,-6.292585921815421,-9.990695618156243,-0.8747539466346135
1640,-6.37316733376166,-10.102102349467089,-0.8250572775307272
1641,-6.381801429422831,-10.166037309931614,-0.7767545539661339
1642,-6.3552179345984925,-10.16223215665411,-0.7245904257004957
1643,-6.29272807628211,-10.188717379895724,-0.6758744756972742
1644,-6.218649812237572,-10.196172061643624,-0.6686271114873559
1645,-6.131006816085986,-10.196763639474154,-0.6708156001143522
1646,-6.0281577458873254,-10.208215913308635,-0.6781305191630234
1647,-5.947057378471104,-10.214072248448808,-0.689642482672421
1648,-5.8743793564851225,-10.202733867973041,-0.6895320790694353
1649,-5.829604591437872,-10.221409607602554,-0.6592378960351729
1650,-5.809846219903166,-10.2750795406765,-0.6127911696281682
1651,-5.8115878944951564,-10.288513195106649,-0.5985527333809468
1652,-5.820799133305437,-10.273359337632721,-0.597642930852717
1653,-5.822091302175524,-10.281989740800913,-0.5567640891967742
1654,-5.816009955058494,-10.27515723133765,-0.5016565229686915
1655,-5.8100293518639425,-10.268535268010037,-0.46091460525922584
1656,-5.854505709188892,-10.319553133424797,-0.42956163619768295
1657,-5.9288753141791,-10.355257879460344,-0.37330059511027586
1658,-5.998830115583438,-10.371142208617929,-0.3422207802506102
1659,-6.069477034032611,-10.361026271384388,-0.28947365799540176
1660,-6.125158419108129,-10.317350190219322,-0.23314394149134757
1661,-6.168556981234483,-10.270331700308468,-0.2170639288568163
1662,-6.202198671201765,-10.227669255157801,-0.21854547957503717
1663,-6.19877167031341,-10.16068845437485,-0.20080078177789287
1664,-6.183194957915534,-10.08860332579481,-0.1876121002337348
1665,-6.177754668055257,-10.064922941597807,-0.18156028591501816
1666,-6.170013499300136,-10.06215669125174,-0.16110432322289714
1667,-6.179988584944681,-10.031377619137126,-0.09428429675377412
1668,-6.198560364204822,-9.999936738500766,-0.04554297033032793
1669,-6.224570395580693,-9.97862283091146,-0.027113507725980632
1670,-6.225220122602612,-9.987809965027939,-0.01346648147522092
1671,-6.24009041897682,-10.003836123627632,0.02341520380441906
1672,-6.266391432497605,-9.998056594864012,0.07523860135158084
1673,-6.284529180472859,-10.0428364965696,0.11567951049437511
1674,-6.306618232549664,-10.0951225113829,0.15489987018676102
1675,-6.33374482092067,-10.091656312654816,0.18430512812617603
1676,-6.355658058487847,-10.071930468484531,0.2119089637194831
1677,-6.384555238930899,-10.07291910349121,0.23628716248403805
1678,-6.432898683897137,-10.055934922164928,0.2626874974191813
1679,-6.509937653494476,-10.002531490285428,0.28649649597443266
1680,-6.566248860424406,-9.996381550059947,0.31314901429657965
1681,-6.610164300235938,-10.025406872434218,0.327587233574047
1682,-6.6388376173116,-10.048583044263868,0.33662896315738355
1683,-6.652001633195259,-10.104425587244666,0.3563143417843922
1684,-6.676462446832572,-10.16355557398423,0.3703225793156733
1685,-6.741035546893799,-10.209061192764645,0.3539081142004199
1686,-6.783663890433231,-10.272987073145021,0.2918344221333885
1687,-6.738694531339271,-10.385743030383122,0.2541706251770569
1688,-6.659704868484706,-10.450010645742747,0.26595595633174013
1689,-6.58090182461272,-10.486462482206587,0.2770009056635971
1690,-6.540541105167733,-10.549351624907493,0.25229539143228785
1691,-6.53999682004753,-10.58041774437461,0.2250410694202068
1692,-6.556582566438864,-10.572405361354152,0.18474678255875815
1693,-6.571267337649709,-10.598862705275003,0.16819995584988165
1694,-6.558196603603648,-10.608301961708827,0.17116077610989638
1695,-6.525090649325811,-10.571963122206085,0.1744050492162429
1696,-6.485891087033711,-10.531214597444833,0.14174730059925866
1697,-6.447948878943354,-10.546235393623293,0.10192412336074892
1698,-6.3679328618967,-10.581484923785967,0.08345780675039648
1699,-6.2477065686470326,-10.589859294062755,0.10816937743841863
1700,-6.099668955517741,-10.57298419946687,0.18281346552648298
1701,-5.948083622729116,-10.5642021782038,0.307471286231479
1702,-5.807667846020099,-10.5535904615294,0.4489816246267942
1703,-5.679792446256221,-10.498270242213733,0.5416884745410251
1704,-5.520509376867279,-10.462942235049425,0.6221551987581622
1705,-5.341879419160506,-10.477169017218092,0.7488514707142747
1706,-5.180279395806842,-10.458255108800557,0.8865211350995842
1707,-5.034089597403343,-10.419374649155134,0.9994934761443807
1708,-4.903347803272718,-10.402128929936842,1.1299096745613555
1709,-4.794336214335348,-10.350999037110265,1.2527650567856863
1710,-4.6945675651368575,-10.314014614251189,1.362834349237861
1711,-4.642039064747828,-10.247997638538575,1.4759615389317675
1712,-4.617745101762931,-10.145708722829793,1.564010679748281
1713,-4.6430554905291626,-10.077082177425876,1.6457933397484377
1714,-4.714322640105522,-10.006631522555892,1.7183514638213584
1715,-4.7872926550501065,-9.888239164994717,1.7553075849380049
1716,-4.82644570186368,-9.79710857342081,1.7868792069869115
1717,-4.815824244549369,-9.751980344355353,1.826056437377635
1718,-4.798543126860851,-9.756899614569935,1.8617435239249736
1719,-4.786079432844919,-9.794613934828824,1.906231748435523
1720,-4.8014262813202375,-9.854239582761664,1.919682305720622
1721,-4.809729971066164,-9.893952101121702,1.9307830403946948
1722,-4.782465379646778,-9.91685309779946,1.957069711264987
1723,-4.720986824428245,-9.901591813720383,1.9684681986861436
1724,-4.675902990810776,-9.900802100955982,1.9917747374766894
1725,-4.637782114772413,-9.8910209451899,2.0415257430026523
1726,-4.616729551798632,-9.873599170957974,2.072359932563681
1727,-4.647336346360838,-9.851966917487243,2.10814895899183
1728,-4.721375294592467,-9.800097529516135,2.128897522999904
1729,-4.814888074142622,-9.7049537362305,2.1290215332838147
1730,-4.886731098720669,-9.558947379170293,2.127122105544533
1731,-4.917393347605961,-9.353833378022005,2.113231032761051
1732,-4.891487937226091,-9.174931287013505,2.0656456610841114
1733,-4.848511234081812,-8.975175039431228,2.0075328379843316
1734,-4.775863094416155,-8.803153030667026,1.9130980213177267
1735,-4.726115484376565,-8.60248649386904,1.8286469929986784
1736,-4.679896122586753,-8.344187925722192,1.7596935239589
1737,-4.620824194613917,-7.987073827193204,1.6055688649015274
1738,-4.553861560046524,-7.58032243591428,1.4238968195293216
1739,-4.507508476009353,-7.206036032674737,1.263256092017433
1740,-4.4522204529460865,-6.802035917912349,1.1287163157018965
1741,-4.4070734655270165,-6.4737934430953565,1.0703113730310154
1742,-4.3883661627933765,-6.115249868578712,1.0708540543687612
1743,-4.406591516847026,-5.777424987414131,1.1049379517176912
1744,-4.442163135939404,-5.497757234819255,1.1122858677029681
1745,-4.48895934469935,-5.265156949010826,1.1579433383760236
1746,-4.596271352885212,-5.030097831873238,1.1836907700645114
1747,-4.637006455114839,-4.76965525581382,1.1772500259644216
1748,-4.611042610712058,-4.518241834219347,1.0564278021541842
1749,-4.558174005759685,-4.192036479867925,0.95281767159933
1750,-4.453349553263688,-3.95355484583916,0.8716808951624286
1751,-4.322556378688908,-3.8285482351181055,0.7693745346779058
1752,-4.139534146784678,-3.6110252418498816,0.6839203316979507
1753,-4.017687377992826,-3.3032693604999785,0.7138502201949566
1754,-3.9799916580434256,-3.098885317152022,0.7709325648373928
1755,-3.9560425188077377,-2.9048531014630816,0.737437637811881
1756,-3.9348241671320423,-2.768123770600889,0.7106686861104614
1757,-3.9471406721626656,-2.686811917465922,0.6970015311457752
1758,-3.998892874362604,-2.5976634258257736,0.6519728160223589
1759,-4.047123895454044,-2.5363630973034654,0.5442472341207126
1760,-4.111445619459933,-2.452481578065709,0.44736383031296023
1761,-4.17838452838239,-2.389672619257288,0.3538965082150891
1762,-4.26720441641595,-2.3873620755607448,0.2768962917130637
1763,-4.426108764087619,-2.4239228560595745,0.23990209340925353
1764,-4.715181116479425,-2.5344333397459176,0.2641217037213804
1765,-4.967860613606575,-2.6919397236336606,0.2839872819459159
1766,-5.203971380031225,-2.944718955738689,0.30652952055284405
1767,-5.363612830732742,-3.217251468804144,0.3151295556829594
1768,-5.455760287623225,-3.4235374889980985,0.33339105333264946
1769,-5.503818176768467,-3.5329961150090083,0.3697516982395287
1770,-5.5277408983858844,-3.7489378952121513,0.38142283717072734
1771,-5.491695185995802,-4.025581006351771,0.2938209932960551
1772,-5.3584051960807075,-4.237397365283834,0.11570432329059957
1773,-5.241348136346634,-4.306977871323004,-0.01778554219437021
1774,-5.183845210402174,-4.269035609731109,-0.14649884435453614
1775,-5.207436021627743,-4.155765746347957,-0.27530162932861313
1776,-5.315299572068742,-3.9800932290877284,-0.34723638018248276
1777,-5.470417674581694,-3.869898010793812,-0.39306182618853847
1778,-5.604750149257802,-3.8891943542704452,-0.43282798735658407
1779,-5.664834053897747,-3.922328913298891,-0.45665512860154783
1780,-5.690057654323273,-3.9566252061851754,-0.47744318255668583
1781,-5.694260832335884,-3.944975204783617,-0.4879478532610749
1782,-5.701482962268099,-3.9302468968999276,-0.5259489975243549
1783,-5.6874733165831,-3.9961238687561504,-0.6025481271816038
1784,-5.615272994915039,-4.087059561570303,-0.6849020112939532
1785,-5.496281592228867,-4.176683797465617,-0.735558055157666
1786,-5.355081428280007,-4.32322846071662,-0.7700690261679299
1787,-5.208152343534957,-4.4731567199310085,-0.8384208626078414
1788,-5.07242694451339,-4.571049820750489,-0.9309877470070256
1789,-4.941240262778765,-4.713057764175201,-0.9799523052201605
1790,-4.794237604818008,-4.8325041288643895,-1.0118552645842527
1791,-4.678325166318249,-4.887416684526979,-1.0352407241287334
1792,-4.602118469192197,-4.975997185188868,-1.050362376853979
1793,-4.562074929232945,-5.106063288104714,-1.0501267346919845
1794,-4.551446214783699,-5.241149205471329,-1.0519305498287745
1795,-4.543308832068963,-5.410453317895019,-1.045796276355365
1796,-4.522701598657269,-5.577853072733437,-1.0208697267721683
1797,-4.4966732522460555,-5.624726849025017,-0.9950246115030799
1798,-4.472642744021421,-5.640124363221158,-0.9685564549249229
1799,-4.454506400848073,-5.536297487365749,-0.949580482146099
1800,-4.451137028898423,-5.355294446534895,-0.9433406775454496
1801,-4.449410295142394,-5.143166367066682,-0.9106055023320747
1802,-4.468387074716878,-5.077127860390776,-0.9112617340911462
1803,-4.5198927214966576,-5.2038609018979365,-0.921422280660371
1804,-4.582636221704309,-5.455996058574618,-0.9373246683584889
1805,-4.611743991459111,-5.608427809109207,-0.9890484095117824
1806,-4.607080641927277,-5.753893513938921,-1.0415103210901
1807,-4.541802763124592,-5.915497806195489,-1.0537459976628738
1808,-4.4367660801863185,-6.052736531296361,-1.0112097049956001
1809,-4.343656347058051,-6.1791352312542625,-1.0015930122309338
1810,-4.254632206976314,-6.23562343897855,-0.9857826186418283
1811,-4.159900463320941,-6.3196314314932795,-0.97191882893717
1812,-4.100636043486993,-6.392242506424356,-0.9695079856394914
1813,-4.071060994158687,-6.391920631145431,-0.9421697270070639
1814,-4.0132758937323025,-6.555071695151209,-0.9685131259130214
1815,-3.9748673225939726,-6.756935008683267,-1.011947578858378
1816,-3.923885782187813,-7.116726383518618,-1.0382591422753336
1817,-3.906701982162014,-7.605476809102283,-1.0033965023100606
1818,-3.921657414872163,-7.946372022406226,-0.9654252401239539
1819,-3.9603071065401636,-8.105055891219743,-0.9374053499668574
1820,-4.01175573740835,-8.235202895793753,-0.9229839393578003
1821,-4.061406480870412,-8.368277253069628,-0.8844926756680225
1822,-4.079137331561903,-8.575596008657648,-0.8996325901505468
1823,-4.014011425702584,-8.702146811697002,-0.9689494042397548
1824,-3.897736956439425,-8.749324397606623,-0.9932798183612582
1825,-3.7275743064505935,-8.877957208669839,-1.0044025678154704
1826,-3.5718806728033834,-9.08802501842151,-1.0093522137341528
1827,-3.4508210572151086,-9.19938004038669,-0.9498727928938787
1828,-3.3710615022873864,-9.281782811862765,-0.8624264692226392
1829,-3.334303231970703,-9.456116815821586,-0.8122672148919361
1830,-3.3288962982150574,-9.750954144633393,-0.7802656980340235
1831,-3.319551130813217,-10.381925919531959,-0.7752456157905749
1832,-3.2856378149945322,-10.948227614431422,-0.7966085795661906
1833,-3.2022593368934738,-11.264606332893646,-0.8051473297576741
1834,-3.0545991356180617,-11.607753327623739,-0.7892061487200824
1835,-2.895550453758729,-12.139560650357032,-0.7825288918539535
1836,-2.7097748876812355,-13.08938205516214,-0.8080066176563642
1837,-2.4906211069584905,-14.266309846135343,-0.8413259874784815
1838,-2.3130609553865558,-14.76546259894906,-0.8157526923899678
1839,-2.1398622945916164,-15.094763846634185,-0.7855014114807903
1840,-2.0486969951865373,-15.513392508877905,-0.8159997531351703
1841,-1.9858023177514945,-16.19443739834511,-0.9176362214824848
1842,-1.9467571017507863,-17.192531157199717,-1.0333046804418018
1843,-1.9169822817445659,-18.37838353774338,-1.170561186408083
1844,-1.8766472503391718,-19.328055790746472,-1.2671554513364178
1845,-1.8329711802003517,-19.947456972396395,-1.268185852185176
1846,-1.7797189346208682,-20.46112329559998,-1.1522507355199616
1847,-1.7343546369328566,-20.997583017921592,-1.016828495999561
1848,-1.7027620610852097,-21.593334490738815,-0.9172428452808362
1849,-1.6694368503891874,-22.154409213949815,-0.8858164516868097
1850,-1.634035414901125,-22.48077408358313,-0.903533802047255
1851,-1.6024748918793499,-22.700972452681683,-0.9591506442477382
1852,-1.548684298170283,-22.9642935354055,-0.9790252137758517
1853,-1.476328575471748,-23.107406232813215,-0.9281484160670197
1854,-1.40553115085018,-23.24301828466752,-0.8635579860913258
1855,-1.3650550064643316,-23.302850920828522,-0.8256889632978347
1856,-1.355759120433673,-23.2934572192376,-0.8172570948930985
1857,-1.3768095165250123,-23.293848267713205,-0.7968449147801221
1858,-1.408654345395615,-23.3232744547781,-0.7746664371019294
1859,-1.4254553909944134,-23.375691411251413,-0.7828045540158795
1860,-1.3976502652285796,-23.478797829391887,-0.8240003057724177
1861,-1.321955550639622,-23.536493145389485,-0.8227187381876382
1862,-1.2036374293623398,-23.52875449934634,-0.7815884068357688
1863,-1.000086955541388,-23.480742825958338,-0.7210915546285881
1864,-0.7615826229723521,-23.429065984773846,-0.633131899560189
1865,-0.5371594722194122,-23.40706559425577,-0.5238811044230945
1866,-0.3071869796115138,-23.427462793592124,-0.4304984926779253
1867,-0.13740423416677286,-23.468280543538604,-0.36078502069466456
1868,-0.04904539990405962,-23.49735692420213,-0.3315313209154141
1869,0.017408149235450806,-23.47556527583587,-0.33994064436013977
1870,0.07828625972827463,-23.405018139573436,-0.3797085664363046
1871,0.17725651975010073,-23.190374707990834,-0.3956871801116413
1872,0.3971326989144846,-22.78661679231904,-0.301768718689728
1873,0.6763501343328542,-22.52050543357276,-0.16408664790630642
1874,0.9026992383204802,-22.47056925524148,-0.08117365545580585
1875,1.0719469943058022,-22.55656024483756,-0.11511780748479092
1876,1.130074986032765,-22.6520938783769,-0.17749789756455514
1877,1.105978064267872,-22.690099938951548,-0.19842603709665696
1878,1.0369819777135016,-22.702791084238555,-0.2670756804521139
1879,0.9854892406770069,-22.671198323920322,-0.35200481264744854
1880,0.9613641591143673,-22.593117100870174,-0.4031045519963361
1881,0.947916904221167,-22.500521164383095,-0.41383934137538747
1882,0.9430115478097241,-22.396374610053712,-0.38880629823391544
1883,0.9050581081482176,-22.247075463067905,-0.38317382017139195
1884,0.8245628358752095,-22.1016571450671,-0.4019248502782069
1885,0.7387887345869413,-21.99111397534901,-0.4342888740848309
1886,0.6615339067791417,-21.88127093608943,-0.4412203153699173
1887,0.5978262787405175,-21.774043994055326,-0.431430680083609
1888,0.5522266558605303,-21.695858605254035,-0.4098409326865871
1889,0.5133573838945074,-21.616407222968505,-0.41007865528267284
1890,0.49207659583111885,-21.562540903724447,-0.4375636295779371
1891,0.4854159341899914,-21.51114982014767,-0.4527666699484904
1892,0.49253923441878755,-21.46114836439394,-0.4543499931518707
1893,0.5036893579901249,-21.408231241886313,-0.44326512990264627
1894,0.49777014538886577,-21.354100233003365,-0.42803524902348883
1895,0.48341506231896325,-21.252610116164924,-0.41660463413311094
1896,0.42259206858377435,-21.200610177479135,-0.41924172744367477
1897,0.31722957201718116,-21.152592810218234,-0.3999523397000675
1898,0.21097398820927726,-21.12145769615094,-0.4296770557207657
1899,0.12208217241562026,-21.10932494759548,-0.4693287578610663
1900,0.05155546770620994,-21.121027372064237,-0.47027201764356
1901,-0.001234699977153069,-21.107706109364578,-0.44722431836515636
1902,-0.02733890730028564,-21.083295662969537,-0.42074388879101765
1903,-0.05860082107030737,-21.071915981565795,-0.38581766362974595
1904,-0.10460012340259695,-21.067817656930597,-0.33661903803889376
1905,-0.14943305088956824,-21.0480588089965,-0.3072380726273952
1906,-0.19728071310749035,-21.004148875514232,-0.28175284962526526
1907,-0.25484030387085654,-20.948018145589785,-0.2757099198884226
1908,-0.30439023063147985,-20.889481766631974,-0.2743677877365144
1909,-0.3457983585793589,-20.84603289467116,-0.2784962635022977
1910,-0.4148641632203092,-20.822001543304875,-0.2743057023851011
1911,-0.5162291048717355,-20.82828905634938,-0.2591210448280946
1912,-0.6356098708098038,-20.84737509598919,-0.24010993392816585
1913,-0.8023887871477408,-20.862110280687997,-0.23061567763863267
1914,-0.9856139983492064,-20.857923159019037,-0.20643370006744619
1915,-1.1814214299266053,-20.859024583764747,-0.17419228615872473
1916,-1.4599759391750111,-20.85930463594815,-0.1547980843613887
1917,-1.692483132266137,-20.84051586206467,-0.17544163712905173
1918,-1.8917329152089088,-20.83851144625281,-0.1610014568402699
1919,-2.063823901952539,-20.863411498759678,-0.0897768188658753
1920,-2.1964370490559135,-20.869016869535184,-0.004928056451429812
1921,-2.370732805994229,-20.914425853663584,0.08115796069518325
1922,-2.561597702897144,-20.97720038126212,0.16838454437749328
1923,-2.7957306879479114,-21.044472774940704,0.23495170043864183
1924,-3.076172229276304,-21.11640992630858,0.27808482465221473
1925,-3.485614330958563,-21.18807385603411,0.2933054474235336
1926,-3.9656786087861193,-21.19740208777684,0.23528843409579103
1927,-4.596276475568696,-21.25866880608396,0.07428353548056099
1928,-5.456973056622207,-21.432172716722658,-0.1116509462540342
1929,-6.248633774357684,-21.526716623220373,-0.23015594721740318
1930,-7.077659910745963,-21.655259825896707,-0.32941193459188156
1931,-7.724283402417363,-21.74837160519969,-0.38258621046811536
1932,-8.252776120586422,-21.835256717112706,-0.3922569310955285
1933,-8.751280272695238,-21.93330409052572,-0.3602369247023648
1934,-9.108770708865578,-21.984659203416257,-0.30604871259503674
1935,-9.380054066021158,-22.041405341815338,-0.30026895858072944
1936,-9.605173607071533,-22.099269870967095,-0.2986829673347444
1937,-9.85468736687393,-22.189178175860327,-0.298355598507138
1938,-10.145201377723131,-22.253407061643497,-0.30462104299721937
1939,-10.489645192839658,-22.29162032388284,-0.3102969567933487
1940,-10.884515458724959,-22.39486506047975,-0.31341843323881025
1941,-11.283484554843202,-22.496983558282423,-0.30883105414500484
1942,-11.700775814858098,-22.484775073008244,-0.24861504010240318
1943,-12.076130331594918,-22.4204044534981,-0.18513890478038256
1944,-12.429214406188217,-22.433312677786763,-0.15282886881586621
1945,-12.770642668293679,-22.545467459682683,-0.09232127773720122
1946,-12.98875602812697,-22.678249149928135,-0.04135871913389162
1947,-13.126034511796638,-22.77753046507575,0.01321028685291356
1948,-13.231717822241528,-22.81761188029464,0.10825731612267214
1949,-13.33772503798678,-22.874786592276212,0.19275488575657718
1950,-13.413867651622411,-22.992291723491604,0.2180709148369251
1951,-13.525914300018595,-23.108208821387606,0.23045423438061752
1952,-13.614106318989771,-23.230712268499424,0.2157023199938932
1953,-13.65993896812339,-23.326062539122884,0.18813028746843508
1954,-13.687561331251064,-23.444155232490957,0.20796829147265014
1955,-13.714384455861463,-23.58079769988085,0.2534394214207911
1956,-13.790209563014809,-23.6921161360091,0.29535501107209905
1957,-13.921882065619748,-23.784978649910194,0.33631362720192465
1958,-14.029183401548348,-23.922514210543504,0.3822703142237095
1959,-14.085619051820057,-24.02496728381709,0.4410195184834817
1960,-14.102636606354745,-23.992378292700085,0.565827163120949
1961,-14.114889211468498,-24.00207424573286,0.6726853110109292
1962,-14.116492611399071,-24.0832001824599,0.7565147827662781
1963,-14.108889695327859,-24.191806893787867,0.8306758550912797
1964,-14.08405748713794,-24.26030316009744,0.9013266904828775
1965,-14.064267707057686,-24.313775851061845,0.9868744883974083
1966,-14.046239956549446,-24.400536784448924,1.0541387257875794
1967,-14.060371119442854,-24.431155226239483,1.1066653539070228
1968,-14.089032466581733,-24.413074242562107,1.1882252647009233
1969,-14.134889021571606,-24.456669971155673,1.2706777126402635
1970,-14.146149533650577,-24.555317753620102,1.2968316220706375
1971,-14.096267403222658,-24.673323289444784,1.2884235313550547
1972,-13.932348561758657,-24.870686189115723,1.3122423010783937
1973,-13.720911608400982,-24.994905072701762,1.3480630362545902
1974,-13.46520210950893,-25.037853607530028,1.376869465345685
1975,-13.127706214173665,-25.13510344990153,1.4152737891638305
1976,-12.778587950377759,-25.256571456854118,1.4410702405564142
1977,-12.374818437723826,-25.335036897838815,1.4738107822608075
1978,-11.964123810886026,-25.36349956271691,1.5282513093855516
1979,-11.618111600842736,-25.40531252009417,1.5396633579648569
1980,-11.285146011853264,-25.435788402594103,1.5176369041983824
1981,-10.948997528858904,-25.530257885634462,1.493709416922009
1982,-10.688340224917095,-25.694779006641927,1.4687462979883996
1983,-10.411373264869768,-25.891345611026132,1.4226021750242688
1984,-10.17928314078536,-25.976267175143896,1.3670862601871487
1985,-9.982743254938987,-26.006265449927568,1.3305723030426493
1986,-9.795797097432686,-26.051307545590312,1.2953891691590524
1987,-9.645772581245406,-26.089116843952446,1.2595124115102823
1988,-9.491338275566195,-26.09026417566077,1.193477694340746
1989,-9.316454342896721,-26.088220491055317,1.1380164466667229
1990,-9.185353873280855,-26.0658615212377,1.1251640934127631
1991,-9.075102725445904,-26.027236961912195,1.1162184664472345
1992,-8.951247437837933,-26.03040608995079,1.0912420389259452
1993,-8.84988414584816,-26.030062855262596,1.125341357682622
1994,-8.748715515830789,-25.963585013835853,1.1772201439682988
1995,-8.644840784932684,-25.880111078619898,1.2298318929303091
1996,-8.573440438969044,-25.829150518843182,1.26814948232542
1997,-8.52301796532727,-25.785939008184158,1.2894402717886249
1998,-8.462480653252102,-25.72768226753942,1.2793811902764856
1999,-8.375483927093919,-25.668495284361548,1.2633472321056085
2000,-8.244982811445709,-25.60122339253675,1.27041677878126
2001,-8.042642136288645,-25.534265705600635,1.2924755520102231
2002,-7.815028225324858,-25.474360352594232,1.2882469064555524
2003,-7.565702163025782,-25.384977398339014,1.2906923342182086
2004,-7.300794496634217,-25.284438157024844,1.3059217252912843
2005,-7.089298395078315,-25.209355541499452,1.296878045886043
2006,-6.890028629064798,-25.1634081134041,1.2442548324935143
2007,-6.69633465014841,-25.185107320454552,1.1567496528769705
2008,-6.556923644379797,-25.19116430273833,1.0935965267776162
2009,-6.441675008482946,-25.163283477667925,1.056136024223526
2010,-6.340622301153891,-25.198118712278145,1.0227325863061532
2011,-6.292853582027474,-25.27626290422921,1.0187377686395849
2012,-6.279200424607222,-25.334048177020573,1.013289183975421
2013,-6.299675288867338,-25.385289841348868,1.0035267027891734
2014,-6.334816292299566,-25.445171942728653,0.9784911783680792
2015,-6.352341120931793,-25.452820441079098,0.9520739280428215
2016,-6.326088271802441,-25.459640326371513,0.9084331820432634
2017,-6.272959423985924,-25.50001929023311,0.8596939133476762
2018,-6.167820184581108,-25.5124421269182,0.8097023188142576
2019,-6.03942142867758,-25.4833800820622,0.7814594336562538
2020,-5.901571414200124,-25.46651236524949,0.7756795996006682
2021,-5.743049057458865,-25.48180051944238,0.7887529550032347
2022,-5.623282737432961,-25.462332799740608,0.8093536590066651
2023,-5.514246026506977,-25.430253210036984,0.811811032967371
2024,-5.404009827634425,-25.409970949096184,0.7391775217553096
2025,-5.324159497132808,-25.392146514177185,0.6827293174791774
2026,-5.2634687374122215,-25.33443410259039,0.6535307394601415
2027,-5.20287896777821,-25.220077783326296,0.6340034957183183
2028,-5.1677386397471,-25.109228946895833,0.6330995095229668
2029,-5.156588807551403,-24.97235082583941,0.6357594412782277
2030,-5.151529840495112,-24.819186987263876,0.6107996892671089
2031,-5.153598079073101,-24.664617764865515,0.593813862828042
2032,-5.147359639737969,-24.495686605516383,0.5881686048414415
2033,-5.157549716744191,-24.28843454373419,0.5749121149944831
2034,-5.173743278571225,-24.13627522564259,0.5470048162353084
2035,-5.194268590621759,-23.99068261088227,0.5165720550681538
2036,-5.230234047637255,-23.79521281641749,0.47802844438247016
2037,-5.264839055244259,-23.624166312984222,0.4361329984528284
2038,-5.302464688598945,-23.472279785586654,0.3888510413083976
2039,-5.3668785414539535,-23.25812132241922,0.3509144903565794
2040,-5.463555135184434,-23.096905983570778,0.32247745173822573
2041,-5.545467517692854,-22.985018910625147,0.3074745145630308
2042,-5.592115904224472,-22.81569420589242,0.2422096567777011
2043,-5.602480373583987,-22.721481152210323,0.19726757299766176
2044,-5.585417568678519,-22.695753919312864,0.1949138124715125
2045,-5.54400669911926,-22.698632992369088,0.21140510387357053
2046,-5.528518265604619,-22.811980099191764,0.2330701434328994
2047,-5.565205902832943,-23.084995427313093,0.23580958285778258
2048,-5.628131254358287,-23.437835274376425,0.20526336317885976
2049,-5.695572239307852,-23.735780170013257,0.20261777215259968
2050,-5.770672436801304,-23.77014783763657,0.23838533786886257
2051,-5.852751655047107,-23.771196325689075,0.27547299770511813
2052,-5.907682775596838,-23.793012056637686,0.28912750614785765
2053,-5.946578834455616,-23.71305003671865,0.298981948189036
2054,-5.953101291201942,-23.65332774307784,0.3199899022156598
2055,-5.935613730457573,-23.660444824468698,0.3467677384989533
2056,-5.89858147460648,-23.68097678846138,0.3916186019023352
2057,-5.853317699289503,-23.693707652075766,0.45131130606843545
2058,-5.815298344385738,-23.715713947731523,0.5236215038776496
2059,-5.784774757543166,-23.776112607616053,0.5756901695788889
2060,-5.746089731017381,-23.82842410660048,0.5763473084724459
2061,-5.696338080488748,-23.863935889851117,0.5576116729714606
2062,-5.6057567565624575,-23.93312374844289,0.5714140976962091
2063,-5.511403425745198,-23.851917552858396,0.6170036887360023
2064,-5.450497271435816,-23.730794121504793,0.67816659109904
2065,-5.440339480232445,-23.6356791899386,0.7601521252493737
2066,-5.471258203324738,-23.452479954406208,0.8311529011090142
2067,-5.533682784337328,-23.267863381604144,0.8727578238794216
2068,-5.619767722782182,-23.050001057547643,0.9329060696398619
2069,-5.710851069689929,-22.78194470223491,0.992694022926953
2070,-5.784005928130236,-22.66388281444649,1.0073656959323383
2071,-5.83727410239438,-22.53832053924959,0.990633546984134
2072,-5.850574988688147,-22.371783154320614,0.9788513641197244
2073,-5.840271726013249,-22.266012825167266,0.9588088146292137
2074,-5.795767609410082,-22.021895156461706,0.9167523523283738
2075,-5.720779257172702,-21.836544050606868,0.9082499408771672
2076,-5.619548728063231,-21.680860064658233,0.9335028574096992
2077,-5.511809816483329,-21.46888431673086,0.9605489120160509
2078,-5.425670249184995,-21.434846409364372,0.9832177759250019
2079,-5.3265244180248725,-21.479280422916567,0.950690281147983
2080,-5.2242896771308125,-21.49927193363248,0.9161270698635176
2081,-5.149031305841457,-21.557639990514854,0.9013996881285443
2082,-5.106425541178786,-21.55165643654746,0.8971327409515727
2083,-5.099158745448533,-21.417073377286762,0.897363473276034
2084,-5.126451995262334,-21.3237040794075,0.8978628241299444
2085,-5.178571834645425,-21.223203128985464,0.9065711017485358
2086,-5.246036672405596,-21.020818366935117,0.9280453229007709
2087,-5.304780995314408,-20.895958827190853,0.9406508637130153
2088,-5.364052954622098,-20.70039118943648,0.9282924903676776
2089,-5.3922569391867174,-20.476734858926967,0.9040121287254399
2090,-5.379595603203614,-20.31167412517587,0.8690041547387577
2091,-5.319862512710512,-20.079793823231725,0.8268830190851776
2092,-5.238190855759172,-19.919888171938897,0.7977815578169557
2093,-5.138223068128569,-19.830903966129608,0.7608637455729205
2094,-5.0280982798195595,-19.70456346257808,0.7173317489899331
2095,-4.91493616709468,-19.507313804088014,0.6733754269110817
2096,-4.848953065532328,-19.36521714966278,0.6232644107906731
2097,-4.797482754388669,-19.193151696056013,0.5296108859994144
2098,-4.7384560288901305,-19.058328376764678,0.41802267209712507
2099,-4.66093664412124,-18.976591943869696,0.31584963370156327
2100,-4.586273248058168,-18.89392095106489,0.2499225944221534
2101,-4.557917871585473,-18.820962633808744,0.2137245266913963
2102,-4.566093674426341,-18.779067709938776,0.15795763377482042
2103,-4.606158985790402,-18.737668000295564,0.09721954382542206
2104,-4.627064768354185,-18.688351784066953,0.031341846658934275
2105,-4.645992922617091,-18.649255031682962,0.0027542120432805287
2106,-4.66879014479289,-18.579932659578485,-0.06277608096316556
2107,-4.673576865618637,-18.48652577227935,-0.13292383024120605
2108,-4.68247829443952,-18.38115332214267,-0.1762175839597997
2109,-4.691074397689247,-18.28150139417012,-0.21919600172293452
2110,-4.693492251828715,-18.162725552207412,-0.2694545605993872
2111,-4.689453957309054,-17.946717069912395,-0.32475748090699197
2112,-4.673953809745019,-17.68577253635089,-0.3624179694904937
2113,-4.670249682695614,-17.47482216036535,-0.39383694592607893
2114,-4.711465463392178,-17.22726938167547,-0.454705216344271
2115,-4.7878313905965335,-16.897714649367757,-0.5784243262794145
2116,-4.839656675679279,-16.662644484749215,-0.7051990386881076
2117,-4.890240136907384,-16.47135959623863,-0.7900269453470169
2118,-4.971084846006892,-16.206092009026456,-0.8369614433030272
2119,-5.070203272990935,-15.97013899697609,-0.8892295185085477
2120,-5.15196525914311,-15.767570031664832,-0.9265891052470823
2121,-5.235883086849516,-15.534159920153673,-0.9260796158312737
2122,-5.303539598350058,-15.392368841445844,-0.9094165158256808
2123,-5.383003041501223,-15.288594208275406,-0.8766366775791019
2124,-5.499166454212363,-15.09942016384181,-0.8544635359861191
2125,-5.6186561004661,-14.91612816713239,-0.8727980579619018
2126,-5.770648957835336,-14.745223725599674,-0.9143396947617238
2127,-5.971145516884936,-14.593708688921408,-1.008795660046796
2128,-6.151255930118659,-14.557719603508968,-1.1496536698926199
2129,-6.331805927294001,-14.572896702156289,-1.3090444616914514
2130,-6.480311204048488,-14.580283291169932,-1.4248607392715638
2131,-6.612959150966889,-14.623186642821034,-1.5360749501374302
2132,-6.714593518291036,-14.706215639193868,-1.6440811016692227
2133,-6.756100011275333,-14.792005655880965,-1.7751552067629677
2134,-6.710273388552649,-14.868287257270858,-1.835857583240799
2135,-6.606596351189155,-14.941205520934192,-1.8506232801617535
2136,-6.4477858103908705,-15.05812748634754,-1.8454200873164524
2137,-6.303127550645435,-15.205154992155022,-1.8281972919800875
2138,-6.147433981349116,-15.347635895634355,-1.7741291870817986
2139,-5.9896086316284975,-15.451946679741056,-1.7583413545944027
2140,-5.824936546112846,-15.528134198325397,-1.7296457679509296
2141,-5.6609335573147765,-15.551034260936817,-1.6768652924322385
2142,-5.509070520930193,-15.563736257162539,-1.6296880113508727
2143,-5.357208622596844,-15.582036349639255,-1.590518891787668
2144,-5.237241878643714,-15.593718414542975,-1.5646719496264736
2145,-5.134898446547288,-15.645594340267056,-1.54330180361861
2146,-5.0572620938388395,-15.707615379920874,-1.531525818435808
2147,-4.996854179468516,-15.75027564906538,-1.4966390264776348
2148,-4.964625720054783,-15.781714397533818,-1.4520571034809748
2149,-4.955457397288839,-15.850870941333504,-1.4047794011268604
2150,-4.94506389938958,-15.926399827020285,-1.4003695416269597
2151,-4.923116174996387,-15.974886223011861,-1.4094298899164246
2152,-4.895151082807622,-16.044999619917075,-1.4031390840843525
2153,-4.87488833724609,-16.12164130643911,-1.3996169381276906
2154,-4.865750948853558,-16.145472864479427,-1.3949444358014005
2155,-4.870438102534941,-16.14086205343097,-1.3753245947605235
2156,-4.896993541300791,-16.139822284070306,-1.3463161449909153
2157,-4.9198697381803065,-16.13069826524697,-1.3295966972125426
2158,-4.964144614697553,-16.067495807180425,-1.312237690463662
2159,-5.036723453342698,-15.96764414185441,-1.3104389979825672
2160,-5.129802230261037,-15.88758969670669,-1.3239377941967307
2161,-5.221106425309131,-15.812330390480657,-1.3344369402559968
2162,-5.30692654591373,-15.705494496922153,-1.3270397588371379
2163,-5.363238447948101,-15.610794800347254,-1.3325891656814417
2164,-5.380915547981389,-15.524303440461011,-1.3517145703180606
2165,-5.3726402797028685,-15.463217357525775,-1.3465822029211023
2166,-5.3969338477234405,-15.444618145287397,-1.3000549479997425
2167,-5.462048672038568,-15.391632914523772,-1.2571451417753798
2168,-5.580241933262757,-15.293002939859601,-1.2625414326626516
2169,-5.716450162738218,-15.2866596254385,-1.258458996239291
2170,-5.881179718810472,-15.319606030620779,-1.2505325390231714
2171,-6.122608176513552,-15.36750175374341,-1.24317527141342
2172,-6.382834054628227,-15.4221944715652,-1.2175183175198931
2173,-6.707998490195349,-15.476127357646103,-1.152227256808722
2174,-7.032868088341729,-15.508713994338517,-1.134443808192013
2175,-7.402795148669251,-15.482632216810718,-1.1099589473618932
2176,-7.78593294610935,-15.408785929216943,-1.0787670633104522
2177,-8.22897784067974,-15.367160256331776,-1.089764978200792
2178,-8.636379332815926,-15.365770361866426,-1.122023395848219
2179,-9.030649785730713,-15.431054247029147,-1.1686998481167117
2180,-9.434231566550622,-15.54685181045662,-1.2425096499497785
2181,-9.730121733822811,-15.665718028921894,-1.328894043417991
2182,-9.948770634811913,-15.792904970821205,-1.4105833349667762
2183,-10.015186917005927,-15.868599234334267,-1.4551158459484184
2184,-9.93729119931984,-15.947804081388565,-1.4924689963484432
2185,-9.723604826650261,-15.996725839239776,-1.5721769603864142
2186,-9.403494611864518,-15.971704898513792,-1.7077181237486465
2187,-9.097544348009837,-15.940363199075097,-1.803690284398694
2188,-8.75738736518905,-15.901272744178115,-1.864860984100263
2189,-8.50541130219189,-15.874061959545937,-1.8907357103097153
2190,-8.308329815518256,-15.850095742209096,-1.8984431308811807
2191,-8.154860394581553,-15.83572916283807,-1.868408098984865
2192,-8.036841551023311,-15.83355192787562,-1.8368206425115596
2193,-7.955225246874453,-15.78317613332037,-1.767772752899341
2194,-7.897453433310504,-15.682139885634626,-1.69295569725405
2195,-7.840131935739443,-15.557377575357915,-1.640001035262858
2196,-7.753358885591715,-15.409168439516229,-1.5918201459974144
2197,-7.598469542157248,-15.249017911111993,-1.5283319493316347
2198,-7.418239599642224,-15.10373156866369,-1.4407921917891464
2199,-7.191470554509915,-14.96629221491482,-1.3198634907467608
2200,-6.893710130928815,-14.828584397315382,-1.1580620367160013
2201,-6.602288174378897,-14.695346121281922,-0.9970628893314268
2202,-6.306175547318567,-14.589206618535922,-0.8562105169228762
2203,-5.991261941847805,-14.493633999380188,-0.7532062498537955
2204,-5.721491310177015,-14.399084918785043,-0.7168764741998537
2205,-5.451636190017047,-14.311050001247597,-0.6701760703019866
2206,-5.233825475650007,-14.219999661565424,-0.6047221550176822
2207,-5.047153010605317,-14.111211256804939,-0.5338028611791916
2208,-4.897043487464763,-14.0199957805346,-0.46259360447041353
2209,-4.779178324411047,-13.931916468333641,-0.3627456318027867
2210,-4.7244382324257606,-13.859935344117105,-0.27449182503721054
2211,-4.7191511961797215,-13.804431569942683,-0.18610409587308752
2212,-4.763433819921202,-13.726233813917265,-0.12085481945656969
2213,-4.8365911765042435,-13.620524959633443,-0.07728699773150663
2214,-4.92503970090607,-13.53213504823799,-0.0389896873988832
2215,-5.004353788089464,-13.457830887878812,-0.0060557384257539995
2216,-5.041347001750992,-13.406204171259185,0.02945707799690632
2217,-5.061886596354249,-13.398339277680037,0.05662823045088984
2218,-5.064463306146829,-13.418451867669003,0.06251275849828687
2219,-5.072407307560035,-13.43057544189982,0.07929157818175547
2220,-5.0938961109959,-13.458108354525766,0.08955854630037832
2221,-5.116069637350901,-13.500983554417967,0.09175631971563923
2222,-5.1348032500125385,-13.527209801818703,0.03592587402421746
2223,-5.120195869362216,-13.56434747426649,-0.014194973833189628
2224,-5.072245089249701,-13.605832196947992,-0.032164540931171236
2225,-5.006602646139052,-13.621066280012341,-0.041436989498756086
2226,-4.962677819659896,-13.64421916717701,-0.05623750895163294
2227,-4.965516213200462,-13.664958404916318,-0.05335611965501572
2228,-4.99565419086233,-13.670386755974025,-0.04235646034637489
2229,-5.018902636075035,-13.666272316207579,-0.03489933462686885
2230,-5.0457118602566515,-13.679221207015777,-0.022985307102090864
2231,-5.059502840972909,-13.7052709832649,-0.04414813433181559
2232,-5.06864298897969,-13.702714653273695,-0.08344894884894861
2233,-5.074643785791202,-13.708769074104568,-0.13939475403249452
2234,-5.061846041776666,-13.728276145693803,-0.1977529566485363
2235,-5.0086329363599775,-13.723120736440306,-0.22795873409108922
2236,-4.956412350868362,-13.680869722998652,-0.240025196895038
2237,-4.9421469580810635,-13.632146379932223,-0.2627617490448723
2238,-4.949590644028499,-13.573826959598879,-0.3281326882041681
2239,-4.949554358353819,-13.535059973568636,-0.36536879793095356
2240,-4.949896297476392,-13.511223354305809,-0.3896268013761633
2241,-4.944346249134479,-13.451341583314242,-0.4970313110307503
2242,-4.9091368625002145,-13.366255495926254,-0.5947007201898705
2243,-4.849016672185591,-13.271469132459929,-0.6630298249067893
2244,-4.777915582932179,-13.121570847370004,-0.7109392789914382
2245,-4.7513624782270165,-12.984400228641581,-0.7465179472912825
2246,-4.775101095247873,-12.841960176853643,-0.7489653427726468
2247,-4.811953594338142,-12.665618879403716,-0.7784513223410694
2248,-4.826335137278477,-12.490870556079912,-0.8061546225626826
2249,-4.824739421373131,-12.280023361718122,-0.8044330413915226
2250,-4.817369160510162,-11.970685813385613,-0.7658239035794655
2251,-4.79933627180985,-11.638670041973265,-0.7102083954002849
2252,-4.783663660691802,-11.232338701522478,-0.6373139496214763
2253,-4.805162770953492,-10.870968256405444,-0.5796507721039795
2254,-4.854510323332162,-10.511075383237175,-0.5215731942091083
2255,-4.9422797180806,-10.187471659970148,-0.4499151727342065
2256,-5.108258995191677,-9.866907627330912,-0.39050944323067627
2257,-5.3155296659352445,-9.601906231506662,-0.34578595218124664
2258,-5.554392086103005,-9.458211230473701,-0.2999801162883361
2259,-5.790579184821114,-9.484937230287631,-0.2690844497292523
2260,-6.0033163461094725,-9.53625477623644,-0.32634064402781593
2261,-6.1883082498133986,-9.576941831463596,-0.4236212660185679
2262,-6.344469352973257,-9.680916240619839,-0.5272968926482895
2263,-6.452040533591447,-9.775484857385369,-0.6248017369395469
2264,-6.617520359900411,-9.871560431410519,-0.7299807788966354
2265,-6.8490463573570555,-10.058568949560676,-0.8302360015874558
2266,-7.151909135286431,-10.3455972485534,-0.9340468179359613
2267,-7.540822754184937,-10.645030108260833,-1.0372052625879709
2268,-7.958287691365368,-10.888380355681125,-1.1088257793803393
2269,-8.34334421091371,-11.054228474345503,-1.1960974546905785
2270,-8.763195634479612,-11.141504358953165,-1.3014917462003466
2271,-9.136866931907697,-11.230358016535,-1.446927532482493
2272,-9.514907755069816,-11.331251265294778,-1.5662485536387685
2273,-9.833265565551855,-11.465658795261444,-1.6470739970237804
2274,-10.01204756581066,-11.637053905472708,-1.6805758893008242
2275,-10.075370664026948,-11.74181205118865,-1.6641545385911412
2276,-10.050994869733533,-11.824435942238757,-1.5899963837411728
2277,-9.99481315100847,-11.938900298136861,-1.533515436563555
2278,-9.961462773964818,-12.080592035149984,-1.4873941521060665
2279,-9.919485897827418,-12.224073079677995,-1.5037671632099707
2280,-9.843542930154976,-12.374766472122431,-1.532782469911119
2281,-9.73175843119603,-12.519967172457365,-1.5355177546085474
2282,-9.589588334359924,-12.650984370325958,-1.51641900006768
2283,-9.449724268968167,-12.773173035177413,-1.4917233297787618
2284,-9.316918799532626,-12.88446914883908,-1.4420324080774345
2285,-9.201375919658439,-12.970423171182464,-1.3827600891672687
2286,-9.108400168093551,-13.006910867986857,-1.3461801811709966
2287,-9.044580923466137,-12.99198915487161,-1.293960696805236
2288,-8.996859323432126,-12.943104454278187,-1.2437302227699922
2289,-8.947445552912036,-12.87910763947643,-1.2288235917519652
2290,-8.892136181200875,-12.795785386219531,-1.2257289741018935
2291,-8.847875200141752,-12.722680735518715,-1.2322991853173446
2292,-8.803283094191904,-12.648495491927704,-1.2350406450188094
2293,-8.753802340530653,-12.580152022401757,-1.2402009455850247
2294,-8.690943599056538,-12.487634587253364,-1.233714631440847
2295,-8.649420265222695,-12.411693031189849,-1.2173941998412703
2296,-8.61647610292026,-12.393792770383552,-1.1936833095680763
2297,-8.604614529312467,-12.411636679226111,-1.1711007728080127
2298,-8.608537651080828,-12.410273986284908,-1.1728219851217128
2299,-8.63171181738301,-12.426044739612568,-1.1473009963049994
2300,-8.666119928672424,-12.464106034615838,-1.1081178962364657
2301,-8.703225232710036,-12.494707362731553,-1.0511127391913813
2302,-8.770232304190328,-12.533357285967528,-0.9834384764092693
2303,-8.879323198316374,-12.656576022000108,-0.9056521211537456
2304,-9.012467674483933,-12.845077322476333,-0.8020065633641801
2305,-9.217332224931308,-13.078042015509812,-0.574647498528941
2306,-9.563322236679497,-13.481276492605321,-0.2780484058706595
2307,-9.929875553714062,-13.928703831433698,-0.08626668198406905
2308,-10.35584336146643,-14.302798396757373,0.12382998044558516
2309,-10.703522151203263,-14.538213403842693,0.31673078145221767
2310,-11.008549425840572,-14.85286240198275,0.46429597573481907
2311,-11.341130785413345,-15.327847828117232,0.5943644400999641
2312,-11.640516510841701,-15.865176267906849,0.7069517292360393
2313,-11.923086093387404,-16.482098914418117,0.790447962470051
2314,-12.219706243056102,-16.979990630762146,0.9086449179043786
2315,-12.501218845242887,-17.34790979871353,1.073649957158587
2316,-12.78168546632457,-17.792199196399455,1.258825872649354
2317,-13.057458955447832,-18.29610836248321,1.3760906082359763
2318,-13.288084527463203,-18.807322043314585,1.445026510121698
2319,-13.471998056346825,-19.219300515150486,1.5035900559321673
2320,-13.567653071267713,-19.4574068552696,1.583630672424367
2321,-13.588102405148707,-19.693246963679137,1.6747423083725614
2322,-13.569259886320607,-19.999595132453393,1.7712667771170447
2323,-13.514324228635472,-20.28177177846991,1.8577241601998642
2324,-13.447948864843152,-20.488840285318194,1.9397086110845319
2325,-13.365208134986066,-20.741577444671606,2.0191360170789316
2326,-13.284946883829097,-20.909665792945123,2.0922694528091847
2327,-13.254814405794136,-20.99913696601244,2.124037216330482
2328,-13.239474935946792,-21.16565713648815,2.156351845356581
2329,-13.214509232033762,-21.292278283649757,2.1977014843775793
2330,-13.188231573320703,-21.36578816709639,2.233952984679824
2331,-13.151667566171263,-21.491440493636258,2.261984086299
2332,-13.097572870580178,-21.589065402577145,2.30703994661058
2333,-13.042831132758542,-21.613036936075307,2.3431828862257076
2334,-12.958044844523814,-21.68500548339009,2.345286151867115
2335,-12.871927512363762,-21.67068313826042,2.2841953740173
2336,-12.760517894915006,-21.60969875948011,2.2103507467793166
2337,-12.625405399716174,-21.58333457862893,2.1623194934251933
2338,-12.464029870708368,-21.519839976009557,2.1135603750468936
2339,-12.326069274126505,-21.43132929132993,2.0756142953843164
2340,-12.201729039148693,-21.365571297417784,2.0430431080772173
2341,-12.08114458494542,-21.258484381475373,1.9949772510623482
2342,-11.974542495312418,-21.070151994337394,1.9408740152552661
2343,-11.869807623809425,-20.87100762663623,1.880255453940856
2344,-11.784022412295268,-20.73860786694635,1.8071438174033991
2345,-11.70382965546163,-20.581495975638905,1.7203444970529025
2346,-11.612325529847276,-20.40056789500852,1.6368628433192207
2347,-11.491888779684464,-20.247703139004088,1.542110813445393
2348,-11.383229078851953,-20.10692282496812,1.45370244559653
2349,-11.267865492899714,-19.92741378924267,1.3683486746501172
2350,-11.18226640555215,-19.80335127113421,1.3166360217226363
2351,-11.111232121037308,-19.714812689436613,1.2716828149241473
2352,-11.037512276889586,-19.623620104855597,1.2248947468422844
2353,-10.974999416444396,-19.55006425322557,1.1458630490260147
2354,-10.915951951482562,-19.50206963724914,1.0628420074169564
2355,-10.828907413611862,-19.467987339072508,0.9936513166135477
2356,-10.75560480864043,-19.443359847582457,0.9508907045084541
2357,-10.70664101166459,-19.424890264273188,0.9148021199059841
2358,-10.693803566853054,-19.401511029864636,0.8871867050077723
2359,-10.688577575918533,-19.373458197450063,0.8524256316837364
2360,-10.686315911160234,-19.35260056473037,0.842787754660788
2361,-10.681471560145292,-19.277934222020164,0.8324891635671919
2362,-10.680340300875852,-19.212397220159627,0.8124492287584343
2363,-10.672075704854592,-19.181620035113717,0.786058392054964
2364,-10.639834225142824,-19.15304808157868,0.7639894642061235
2365,-10.587124636967786,-19.1513797219251,0.7461549867753285
2366,-10.522888847310725,-19.16161699533678,0.7311965525507813
2367,-10.453134120086222,-19.17589091880076,0.7374183745442745
2368,-10.412962935320923,-19.179202023578952,0.7605848283990168
2369,-10.417308633139092,-19.146541991220303,0.7875217600628334
2370,-10.452391330981005,-19.093523859872597,0.7922183154600262
2371,-10.45957418700651,-19.013270395842866,0.7686332990814462
2372,-10.438078553326,-18.957881738111503,0.7574471569349444
2373,-10.376958209007942,-18.95867749614484,0.7692028728167144
2374,-10.316654832811889,-18.972948204051654,0.7937524399577743
2375,-10.274359496517885,-18.96195957112353,0.8135050799388495
2376,-10.261557910490733,-18.960263889305715,0.87319677024876
2377,-10.275490755787324,-18.96826757579121,0.898276157290277
2378,-10.31129735966794,-18.92085186711058,0.95204842155552
2379,-10.3344681108478,-18.8344968678513,0.999893362369985
2380,-10.358466175410367,-18.77461419716853,1.040807940431406
2381,-10.382215789823949,-18.722610272245102,1.0538628509305143
2382,-10.399986887422369,-18.67885573357192,1.0814913301481484
2383,-10.408466268153237,-18.66281079262511,1.0973565356612198
2384,-10.408304910626239,-18.663229163264955,1.1006760089009993
2385,-10.393807568768235,-18.669453493804664,1.1269995950246245
2386,-10.38325484079067,-18.64568853353967,1.165703195776797
2387,-10.373685668042086,-18.591283473720754,1.190761085992207
2388,-10.355918494157532,-18.5276095693986,1.1786684602875364
2389,-10.294030085791592,-18.482545274477417,1.137165023220044
2390,-10.182645182802897,-18.45039070215711,1.1337734166600724
2391,-10.09629170337664,-18.402406350933344,1.1583416248563518
2392,-10.037910287161498,-18.400445985649505,1.1720917531050863
2393,-9.984432886708209,-18.398244843793353,1.1838356977457087
2394,-9.94540859279438,-18.387187069157058,1.2213196861703999
2395,-9.887136151624356,-18.41589325425368,1.2419062015791047
2396,-9.798698243845934,-18.426698904891783,1.2668311526893177
2397,-9.695848214943528,-18.362256630303868,1.2955534143072909
2398,-9.548919812063518,-18.295534597034283,1.3280302918757338
2399,-9.34886334829157,-18.280045034129643,1.3235619487233095
2400,-9.140827448139119,-18.24070071761216,1.3051867349080708
2401,-8.883501419147713,-18.20670037170041,1.2829438905907367
2402,-8.508320986410947,-18.261754355942013,1.2776653140624683
2403,-8.088794853246293,-18.301970674346816,1.3154714776451533
2404,-7.589451911663797,-18.30915298827,1.3814009879183542
2405,-6.976919680329,-18.324427907608186,1.4244074842689702
2406,-6.338553208813849,-18.338554852543666,1.4136371006691069
2407,-5.67318432795132,-18.336896738701675,1.3884409892823886
2408,-4.871216733529007,-18.316060372915576,1.3685516598820529
2409,-4.244107226867626,-18.3108350090057,1.3744839086214702
2410,-3.6203062396632637,-18.298574187805393,1.4034396169078907
2411,-2.916491970084626,-18.3061082745931,1.432512997359491
2412,-2.2891922840975703,-18.30163597783494,1.4492253574626521
2413,-1.6014974304418805,-18.296760679154318,1.4979751984018859
2414,-0.8010586611875542,-18.289381987175688,1.571350231603188
2415,-0.027416217169812376,-18.302672512440587,1.632215954271408
2416,0.7003189219597058,-18.359560219178594,1.6618712538275702
2417,1.4115241119166924,-18.38415825003419,1.6777829246938425
2418,2.0055920023361367,-18.406362941841575,1.680645208563723
2419,2.525621060221909,-18.473713384888562,1.6422485687291206
2420,2.962909193738193,-18.56183038038915,1.6095898076441348
2421,3.1974685189685372,-18.644078233485082,1.5906941742965484
2422,3.2706880657769744,-18.767477989397484,1.5228779928755447
2423,3.2373493630309205,-18.87521559214438,1.3895029740803206
2424,3.219001390525678,-18.94968559088664,1.296673247491185
2425,3.196861907865944,-19.067451555728738,1.2251963415602984
2426,3.158664492749483,-19.147329211077313,1.1816719210621522
2427,3.0946764419327044,-19.204244494735285,1.1493020585496174
2428,3.0075381683908717,-19.259675643634893,1.1227615809244658
2429,2.8730356503369494,-19.35813575728749,1.0800544330202861
2430,2.7107571515823676,-19.454263098747347,1.0439294350907078
2431,2.5377922106856774,-19.521929454318297,1.0103850663873148
2432,2.361366294309443,-19.605212134384615,0.9531922647810407
2433,2.2271901887000283,-19.710005696166572,0.8848926152544789
2434,2.1456021375472023,-19.759927302166822,0.814719572932545
2435,2.1351168582355156,-19.792923732833792,0.7673232901624994
2436,2.1536052630272096,-19.85895338327365,0.7177536732474528
2437,2.1608388405172936,-19.91929572535736,0.6835922158184151
2438,2.122516649613475,-19.961327225885576,0.6678184277738473
2439,2.0713433043670073,-20.003379252199892,0.6563398147970095
2440,2.0003876258256397,-20.03978242105869,0.6471282909823048
2441,1.9519575211845188,-20.065821951496222,0.6060713841629191
2442,1.9092953099854406,-20.122069549765712,0.5880769308975413
2443,1.8527415237600064,-20.19333560047457,0.5918924986266362
2444,1.7674536002836807,-20.242089408859798,0.6179472686836084
2445,1.6669377462702417,-20.27803612106245,0.6446041092347752
2446,1.5178181171605862,-20.27731903874475,0.6725264557542407
2447,1.38609535930814,-20.27227043776036,0.6946159275311379
2448,1.2735233324425006,-20.2766531765926,0.7129773433763771
2449,1.1427264896324356,-20.289473159099934,0.7255244006947248
2450,1.0078821222589196,-20.268865616439307,0.7144222485294214
2451,0.883874436835643,-20.235515699433734,0.7076656974370783
2452,0.7443042189812453,-20.251094256239924,0.7067545608875461
2453,0.608884408202842,-20.269972164090813,0.7013530019124662
2454,0.45747133619520197,-20.275828531927242,0.6918456988945956
2455,0.32671080825880305,-20.285741976046644,0.6838397034504344
2456,0.2103630464734219,-20.285586581237553,0.6967283235830459
2457,0.11248303537129323,-20.268676068924925,0.7388722976813229
2458,0.01823621127590325,-20.284170951603144,0.7570759254869153
2459,-0.04557271900537122,-20.344238529959693,0.7357955643103435
2460,-0.0605380201045725,-20.393465839942767,0.69328729567481
2461,-0.04652653423142005,-20.456817200913267,0.6715000064033301
2462,-0.038374003217297815,-20.482643276942717,0.6764642198346347
2463,-0.05781795733910651,-20.46867827001863,0.683553102313829
2464,-0.10455166507878766,-20.475139927589773,0.700964374826654
2465,-0.16782048015020387,-20.50949051886044,0.7346388077586155
2466,-0.228059639462402,-20.535630999491953,0.7405454805596322
2467,-0.31386359614741777,-20.53664330773602,0.7649278681510765
2468,-0.38914367222128987,-20.51643205621131,0.7777331386327149
2469,-0.457595880423993,-20.488621708004317,0.7785022819548206
2470,-0.521412204518336,-20.488380931431998,0.7686436510867528
2471,-0.5749131288506729,-20.504756953906785,0.7673326283116164
2472,-0.6385210788175826,-20.536827700332,0.7905902225017378
2473,-0.7311386560262576,-20.61908145689904,0.8285660203602725
2474,-0.8561921607897555,-20.79683299751531,0.8644514601988145
2475,-1.009221052759702,-21.092274712594396,0.8888374763282014
2476,-1.177411671180925,-21.385063223097994,0.9083410812125465
2477,-1.3850477851636072,-21.71423788360764,0.9403757351596105
2478,-1.585003849238906,-22.057237470710874,0.9626338272291295
2479,-1.7646308744498267,-22.322079858870737,0.9525618596743837
2480,-1.8700505504672462,-22.488330369629274,0.9393836501974494
2481,-1.8949827957301257,-22.711887657293435,0.9481140192088082
2482,-1.8464319033198295,-22.928675878768455,0.963355265949462
2483,-1.743556850839278,-23.121789644647496,0.9829597228442677
2484,-1.618237093141537,-23.33045976807429,0.9907362132635659
2485,-1.5229134602696823,-23.54659054997241,0.99865901913931
2486,-1.4409465117919744,-23.662070493240655,0.9849711068031588
2487,-1.410380991164457,-23.69396038209494,0.9593400752726777
2488,-1.4335689270924605,-23.723216951681074,0.8989792398774885
2489,-1.4659684533332547,-23.718401765638113,0.8248833211528954
2490,-1.4868724950010708,-23.707037452951752,0.7306766044079619
2491,-1.470916378284166,-23.67778073767559,0.6544457179910246
2492,-1.4281649409928758,-23.621789284695804,0.6004546742321898
2493,-1.3606450667472771,-23.609527072147717,0.5595158016176395
2494,-1.2874331881949743,-23.568588101142772,0.5297012259220122
2495,-1.208969138774013,-23.489612283523016,0.5048469149546344
2496,-1.17340148554727,-23.44191652265898,0.49620379093645184
2497,-1.1766372963949498,-23.416959632979243,0.4902364468466025
2498,-1.2093105424317216,-23.372884058876302,0.4512756076583835
2499,-1.2274526410214477,-23.32478886433954,0.37452770794549206
2500,-1.2071555007987613,-23.307575947605862,0.3366312309935976
2501,-1.1498389382685832,-23.261184820084033,0.3234436300066945
2502,-1.0858213870911788,-23.160475921855156,0.31639044593755206
2503,-1.0518878610313118,-23.060590142926742,0.3039254842901534
2504,-1.0467869766224824,-22.941443867642366,0.2939392142638729
2505,-1.0621329068004117,-22.83499666031844,0.2771153646913421
2506,-1.0937173205138848,-22.691469462433812,0.27535232213810396
2507,-1.1178846132264717,-22.546006978759817,0.2815645124977939
2508,-1.135926923737864,-22.422998351465125,0.28605989748258653
2509,-1.1539817568668065,-22.302154725830565,0.2820913975513858
2510,-1.1753723206041335,-22.170351777041436,0.26585470411488876
2511,-1.1965929622191482,-22.094089072504914,0.25214459366426567
2512,-1.2040439312310287,-22.026322286104094,0.2620724869183536
2513,-1.2004573446463533,-21.914354461993714,0.27658151604655185
2514,-1.2127299151084916,-21.841498747954414,0.27931762041817904
2515,-1.2462873745882264,-21.755038213272954,0.28674862600058426
2516,-1.3076254860637881,-21.638291204638325,0.3114516856326972
2517,-1.3662193370989852,-21.56953334210537,0.31908927775399054
2518,-1.4137219050524343,-21.49724361507669,0.30467146900244974
2519,-1.449052687542185,-21.404797187369073,0.2968141368922268
2520,-1.4643732883473546,-21.32957796102251,0.27556803338270036
2521,-1.4858063422844376,-21.28494911309381,0.25006250657634804
2522,-1.5292739843696452,-21.240512993810892,0.24439523723825818
2523,-1.5831403866163865,-21.21647504604268,0.25029070426033484
2524,-1.6457790393775031,-21.208915344726,0.27061601290609977
2525,-1.7041578780402493,-21.18708513521587,0.2806754940214555
2526,-1.7449474384166288,-21.15891789123856,0.30481629035503716
2527,-1.7805337679922615,-21.118291740370243,0.3165575187654633
2528,-1.8210743490861367,-21.047066672907732,0.3175394651657263
2529,-1.8457024737116685,-20.969726563562453,0.30763312969588497
2530,-1.859692039099455,-20.9182229752697,0.29307658272889564
2531,-1.8634452178125165,-20.89957389104615,0.2694803605713754
2532,-1.8540599231587391,-20.877752019998976,0.26217990231362204
2533,-1.8344093657868734,-20.862296412931848,0.25068984343400974
2534,-1.8237408903544643,-20.847074552182608,0.2568815965873471
2535,-1.8425279212883476,-20.851985711203795,0.26338396326073293
2536,-1.8803861486649507,-20.88247704677631,0.2596500376353443
2537,-1.9223736634201298,-20.868345885366477,0.23465752206103885
2538,-1.9640999227348364,-20.870466400220252,0.2236164547311719
2539,-2.016461028717462,-20.9014949807189,0.2202012001144981
2540,-2.0500963263764165,-20.916735883129892,0.2142935934985697
2541,-2.074553580772938,-20.921470698331603,0.20891868826911159
2542,-2.07854820666493,-20.9295273215103,0.22403572428629995
2543,-2.075714082027267,-20.968351917174395,0.23516453019722508
2544,-2.0716537150305605,-20.990173588508203,0.2542843638332987
2545,-2.0681988919107215,-21.036785000979176,0.25217885133131107
2546,-2.045380093616873,-21.098884465587304,0.22827953953388794
2547,-2.0023412820686675,-21.122799897468965,0.23324399308902682
2548,-1.947826877211993,-21.128160164564747,0.2330097389483272
2549,-1.9058942066144753,-21.120687552646572,0.2270490382845637
2550,-1.8837167286429979,-21.116396265226463,0.2188392577462494
2551,-1.8753864367061082,-21.145046769983672,0.1968796396029269
2552,-1.868589526374082,-21.157917216973466,0.19165405137784525
2553,-1.866139079763014,-21.172846740392536,0.20930301980633004
2554,-1.8740208220752732,-21.21819805002473,0.2003080876902813
2555,-1.8629658252175705,-21.2738047940992,0.1497302308151016
2556,-1.8300738915165522,-21.32596459604711,0.15609912865718328
2557,-1.789981866090715,-21.346263265193564,0.18122686063069887
2558,-1.7675595235127202,-21.30053299251916,0.17965859852782265
2559,-1.785534760615028,-21.292440508999906,0.18819876278188674
2560,-1.8207646435406033,-21.31650593880885,0.20382290031675243
2561,-1.8469608146512086,-21.300985515864298,0.23431294435863165
2562,-1.8857508498420998,-21.204216077133864,0.28154463558038834
2563,-1.9470482377701572,-21.0967004000838,0.31017529405057076
2564,-1.9982063343421932,-21.077382122047993,0.3293315197877736
2565,-2.045851375384301,-21.067098742484173,0.3478548591386966
2566,-2.081736436798443,-21.010487617616675,0.3963289777602209
2567,-2.095888802868181,-20.957129338215008,0.4307216210809629
2568,-2.1056493300161323,-20.97870283945159,0.45025123938070455
2569,-2.127026696599768,-21.001503748489263,0.48069792773025605
2570,-2.176705540130172,-20.984712672209472,0.5224459109451318
2571,-2.2431671981519803,-20.974963880919184,0.5351220481646987
2572,-2.310505831275201,-20.967824257877613,0.5384071556631114
2573,-2.3287261649684314,-20.947893509853614,0.5394101795999521
2574,-2.325559100265042,-20.923919447301138,0.5984836844383352
2575,-2.311731846887566,-20.906329296153174,0.637744838502148
2576,-2.3535792595625926,-20.90354585067177,0.6775720978458432
2577,-2.460396748536952,-20.907075532763834,0.7045146323991296
2578,-2.5917962347363197,-20.89416922543348,0.7278764403333939
2579,-2.6809385230038654,-20.853657486127897,0.7524246734531516
2580,-2.7215951381333867,-20.80100275245527,0.8007491148845476
2581,-2.7716432675997162,-20.729981344738988,0.8588043879432428
2582,-2.8291537006115983,-20.65500426635777,0.8736526320082125
2583,-2.884795069582707,-20.552278535973826,0.8784103389419071
2584,-2.8925005691687073,-20.399145434833045,0.88519922671062
2585,-2.8861303679237507,-20.273071179681793,0.9134003303214331
2586,-2.8867141340622986,-20.163924728842517,0.9601521207198682
2587,-2.895346402413773,-20.123159021064566,0.9711066767682752
2588,-2.892084782536937,-20.071434948611184,1.0099991607049597
2589,-2.896036463081388,-19.979698759290926,1.0716362198602734
2590,-2.914053172315323,-19.935067410498903,1.1073624619695905
2591,-2.936262965933816,-19.900062794921872,1.097952147876802
2592,-2.9401866854676086,-19.86040487324862,1.1067477432861264
2593,-2.9093241329860122,-19.842170814700754,1.1540263210428314
2594,-2.9185119930225483,-19.78287009348316,1.2015979573941187
2595,-2.9760777625439836,-19.72344277822589,1.2445985840350833
2596,-3.051649135533263,-19.717181179548703,1.2858738362045958
2597,-3.1121877185465,-19.721168507891704,1.3428215206917689
2598,-3.165954632589372,-19.677478859358573,1.4207226939939752
2599,-3.2117082983838916,-19.67116402414984,1.491244685848927
2600,-3.2780928244162784,-19.702661156893242,1.5272632825280243
2601,-3.345326913783344,-19.702000302045818,1.5514384224130073
2602,-3.378902751512917,-19.699266377987087,1.5468051937803826
2603,-3.3909047395059666,-19.70741692110534,1.5555807298748097
2604,-3.364588848484294,-19.681262371866,1.5637654339372422
2605,-3.343914349138039,-19.65557335148419,1.568849321970514
2606,-3.354054591079583,-19.656075309106576,1.5940629607483245
2607,-3.3992717891969133,-19.656647267621892,1.6315028379097922
2608,-3.4453054810592727,-19.65781373165067,1.6551801412885347
2609,-3.482542428429172,-19.679146979028783,1.6353072635396768
2610,-3.490399984558582,-19.74887469034755,1.6142373118125946
2611,-3.4632628531866203,-19.78052209499425,1.6304070164789222
2612,-3.4370535678298784,-19.776616733143957,1.6564707233568083
2613,-3.4393587503879455,-19.800444875913747,1.6805454234996535
2614,-3.4703561987377554,-19.80180415358442,1.699850002730928
2615,-3.5068404334371746,-19.77095421460632,1.7308328144235303
2616,-3.5605796061468293,-19.700067258926218,1.7522171462103882
2617,-3.592838281941251,-19.640869066632753,1.7949111673805564
2618,-3.5965487720884224,-19.562214078133678,1.838309549887912
2619,-3.6035851284040947,-19.480982268020217,1.8619366907334927
2620,-3.6204590647291504,-19.42599339665416,1.8838378783903567
2621,-3.632337585073741,-19.37702544751795,1.9133101834902004
2622,-3.6446276231935135,-19.314362463272474,1.923044030284471
2623,-3.6539750158405697,-19.2170121570757,1.9399619690974736
2624,-3.67669465853745,-19.10594316251622,1.9776206272129897
2625,-3.7173226473520753,-19.006226400376118,2.003841557691811
2626,-3.774319805175855,-18.926275316711155,2.0072542950918986
2627,-3.843537633883321,-18.80309052312874,1.9720527575639386
2628,-3.8879719469920553,-18.657291715449706,1.9553252404163588
2629,-3.9038123931369095,-18.581367235738835,1.9448993554120204
2630,-3.915816701919533,-18.55094762084743,1.9515933857421615
2631,-3.93785590908156,-18.505136759125335,1.9698952774438507
2632,-3.9560954526294414,-18.483689390104743,1.9789262632163376
2633,-3.9873456172893205,-18.45036167235761,1.9836414543400909
2634,-4.011331835350029,-18.35137182204598,1.99261698745063
2635,-4.010382004453991,-18.244608816243638,2.0133873613533355
2636,-4.0020341648261075,-18.06121261337396,2.030808778535932
2637,-3.997714669944036,-17.851524502617135,2.0212757814441744
2638,-3.9850882459250503,-17.59596462217123,1.9892260028241733
2639,-3.9551473395810213,-17.202329568348375,1.9322511001756566
2640,-3.896051184972423,-16.857781798416895,1.8883003276256827
2641,-3.810663142632086,-16.544396791277862,1.8604771607482395
2642,-3.69353188269584,-16.122339729262357,1.8664789922275213
2643,-3.6061204023323103,-15.851325132890976,1.8800161845290415
2644,-3.5405878792016265,-15.639136624213059,1.8902332678103912
2645,-3.4987253370614577,-15.396121897999699,1.8679485538375573
2646,-3.4711100788113756,-15.280840509544262,1.828672819581042
2647,-3.4488838500950134,-15.24933211600069,1.807173059229661
2648,-3.417531232876998,-15.220538923842195,1.7988470531556275
2649,-3.390738679183018,-15.281147857214732,1.8002337912185689
2650,-3.3945890161568704,-15.369716364457856,1.8081154144336522
2651,-3.4357349180295316,-15.429802550380145,1.8292653368755971
2652,-3.4887696905397183,-15.527055066504632,1.8429749832540459
2653,-3.562166570801222,-15.561256985954074,1.891522042605793
2654,-3.656182892422283,-15.583467223793997,1.953137652990378
2655,-3.761914081042521,-15.745754223335345,1.9764287624533372
2656,-3.8827618075251635,-16.139335692497575,1.9946459859940369
2657,-3.9956566541824725,-16.925031490983265,1.9903971699825653
2658,-4.060791772190887,-17.884339929784872,1.9006213732289752
2659,-4.110673801814973,-18.658471691417592,1.7812012008378635
2660,-4.148054023199572,-19.25328738010978,1.6541543350501944
2661,-4.147388501236909,-19.84100640960391,1.5120771224777392
2662,-4.1159121725679135,-20.428418819876647,1.4199440503282539
2663,-4.035657324765298,-21.128622933721477,1.3494402761116209
2664,-3.93766551807769,-21.886183802745876,1.3002425452066746
2665,-3.8281187834860084,-22.80667959933023,1.2520424430926582
2666,-3.717235989563318,-23.84006520808024,1.222500131738677
2667,-3.655791860916319,-24.39141289975977,1.2165701563294624
2668,-3.6308332400117735,-24.92329066439891,1.211667267815565
2669,-3.632906623657057,-25.33472269295012,1.2161309977078678
2670,-3.6536091708617358,-25.527325875885033,1.241232252189161
2671,-3.7084310459628176,-25.611656748456976,1.2755786856424869
2672,-3.780870365611697,-25.762746285555764,1.3060665462510666
2673,-3.827752938507175,-25.98997973240844,1.3257018314181255
2674,-3.8427286767831,-26.207410024742973,1.3381008993631878
2675,-3.83053028673622,-26.45652378177813,1.3413929478342554
2676,-3.800730367120769,-26.670147755107724,1.328831987492085
2677,-3.771760625650741,-26.91957380968295,1.3203616762995172
2678,-3.7513543791690434,-27.156920252109288,1.3469772525811745
2679,-3.7420665271218008,-27.33788760835076,1.4036175215062376
2680,-3.755917409482642,-27.54176494994705,1.4474152555474955
2681,-3.7805758145070554,-27.819231532845947,1.4671655318183525
2682,-3.8009164892680505,-28.09539023165472,1.492989687701101
2683,-3.8107493735351845,-28.38549992750004,1.523498471180758
2684,-3.805816709746579,-28.591102385388254,1.5519801432528102
2685,-3.7962459332740086,-28.73253306206027,1.578923716799173
2686,-3.7814458074798964,-28.914086137197526,1.6214144336742895
2687,-3.7658969242400717,-29.04836543709449,1.653327244086073
2688,-3.776600655251366,-29.104334491102467,1.6885516007418073
2689,-3.801111149128509,-29.1239449744819,1.7037867422773172
2690,-3.824808249284309,-29.17255753576969,1.6992682642992605
2691,-3.826473121416692,-29.166412571966646,1.6892542583480448
2692,-3.797549642076294,-29.101697902253814,1.6740173458696495
2693,-3.7630999694029494,-29.011817868205373,1.6585414389667243
2694,-3.7190173834179143,-28.873052102947742,1.6407300214813754
2695,-3.6790873526555927,-28.68674147265826,1.6423049179417715
2696,-3.667787904965569,-28.5250463298719,1.631117784956678
2697,-3.663919425154377,-28.370285852323892,1.6128078851837633
2698,-3.6445533450888647,-28.20032297020807,1.5487162645207986
2699,-3.6136463964987424,-28.096430367652346,1.5219654180582285
2700,-3.5654551201529676,-27.986192864646632,1.5190979203659727
2701,-3.5421056711618504,-27.825467816832514,1.5112696638737306
2702,-3.5693805898179223,-27.717703296702847,1.4905730879860606
2703,-3.6190546109113653,-27.60260335528779,1.4805506664863726
2704,-3.6732202361596515,-27.457214853870305,1.4512399423148887
2705,-3.7173397227784317,-27.335783801704697,1.427695802337529
2706,-3.7542666247298415,-27.22470443451349,1.3990246587021171
2707,-3.7829044757763626,-27.07241148992294,1.3519689333121234
2708,-3.782340986706613,-26.95660026541335,1.2989745880783226
2709,-3.7466167507266883,-26.867666531448343,1.2357941262803753
2710,-3.6992303793565156,-26.765825783555368,1.1863340460644294
2711,-3.641755109594766,-26.684280572611776,1.1361182995844177
2712,-3.5791337522816513,-26.633213511681614,1.0913103406313696
2713,-3.5402173424497,-26.552125142930393,1.068819613003678
2714,-3.5319413101805783,-26.48514354910058,1.0342857678918804
2715,-3.5326478059460595,-26.45016454805252,0.96108209365019
2716,-3.5204565918563233,-26.430973165743573,0.8865649443591546
2717,-3.4722050666030935,-26.450586333962885,0.8432562095813352
2718,-3.398089089647486,-26.41556293439794,0.8081411403644969
2719,-3.365183286764314,-26.387155421424936,0.771945300449315
2720,-3.3620153682896063,-26.430363645773525,0.7476779054941365
2721,-3.383376726661034,-26.452538161070407,0.7577168960422875
2722,-3.4151376849875383,-26.4506631775498,0.7380635072461101
2723,-3.4544617515570493,-26.49592113570029,0.7305428821126103
2724,-3.4715437946408194,-26.5366981095241,0.7281370547350288
2725,-3.4655114733948826,-26.481567760856368,0.7245046214503259
2726,-3.448796551977768,-26.437843959617943,0.7129328937865813
2727,-3.439885954176689,-26.425204243102257,0.7010786737718429
2728,-3.435497569603183,-26.424224060460336,0.6950976693038569
2729,-3.416894746359576,-26.41507967361804,0.6987420020585772
2730,-3.40482541842928,-26.418158540000235,0.7274232999773982
2731,-3.426447380191643,-26.397634471754202,0.7608301282361003
2732,-3.4751858280554933,-26.37060963576896,0.7707613832238703
2733,-3.507440848116419,-26.346568038591084,0.759108920590905
2734,-3.5048255331271587,-26.317369183200547,0.7476969019574827
2735,-3.4790701028074285,-26.330907315578827,0.7719907638953006
2736,-3.4480407509186835,-26.357636839998822,0.7926378384792018
2737,-3.4455925616648835,-26.33903565943864,0.8036395655208614
2738,-3.471675275423761,-26.354925585902365,0.8058183424727761
2739,-3.5047107008849148,-26.41001482742304,0.8243835434121684
2740,-3.5112347944099054,-26.38835738797651,0.8367260685844337
2741,-3.5104027942607074,-26.351539932959504,0.8749622140403425
2742,-3.5065866499129577,-26.304742882344694,0.9031664659414291
2743,-3.4974267508870804,-26.235118114547454,0.9047933316001193
2744,-3.4931299479653974,-26.19586619104398,0.8947040217684421
2745,-3.4745555245417847,-26.173467558300562,0.8848530215022239
2746,-3.4429866381601206,-26.11718429940389,0.8868861233279178
2747,-3.411685247221173,-26.061949268125087,0.8864565684685484
2748,-3.3978414932790812,-26.03868299807863,0.890122405646663
2749,-3.4059481398929123,-26.005657531773345,0.8975384968709077
2750,-3.427845644167374,-25.97486374260782,0.8893254613206155
2751,-3.431195415932774,-25.99103163573148,0.8482879244905404
2752,-3.4012147803534614,-26.00183755168629,0.8335262850885217
2753,-3.3566679850833783,-25.983806783512875,0.8470251399256985
2754,-3.3284314197325138,-25.961715153221046,0.8450237344461493
2755,-3.3416990260111703,-25.949456433136532,0.8361747442605819
2756,-3.384429454136724,-25.951126210533467,0.8446976996398453
2757,-3.429468236556859,-25.978956233835277,0.8536331344058075
2758,-3.4689856823298526,-25.98889367638012,0.8582879616166615
2759,-3.5067290162802003,-25.991158000741066,0.8664990761762783
2760,-3.5620833271946024,-25.975635459768778,0.8553563697633824
2761,-3.6212304471147854,-25.971916566292165,0.8214306072180506
2762,-3.650979099782862,-25.962770471814608,0.8061696703229735
2763,-3.6509867838080887,-25.938452237723858,0.806126341311072
2764,-3.648200897773235,-25.92495850386247,0.8054217646200017
2765,-3.648573572996714,-25.94492686316305,0.8154103291629224
2766,-3.6651672254730827,-25.954882904527118,0.8232542143384172
2767,-3.7018365163041085,-25.96646920979788,0.8183673207817992
2768,-3.7405216111610082,-26.016516384421365,0.789919903477713
2769,-3.7298120410745543,-26.034849356909454,0.7479136003778426
2770,-3.6915092984439646,-26.039429234689287,0.7537805727049003
2771,-3.6269387621456155,-26.041107840154456,0.764335189166851
2772,-3.601321353754941,-26.011970659346815,0.7788422973043736
2773,-3.6176343623241993,-25.969904971950385,0.7955824503803925
2774,-3.6965930797558224,-25.926486837424342,0.8240928868508037
2775,-3.7624331740037444,-25.88716531989823,0.8184062208429771
2776,-3.8074901015294724,-25.817002401570345,0.8491787305554241
2777,-3.8379197576622572,-25.728097150880373,0.8913295348427694
2778,-3.8654379337156257,-25.675115786282667,0.9039000709360393
2779,-3.878993260928381,-25.619950828770975,0.9015433355423856
2780,-3.8745160841378237,-25.519120688438306,0.8934238949266691
2781,-3.85973943705495,-25.454176303479237,0.8951729035758061
2782,-3.8435888607181647,-25.40221486972407,0.9002288443118628
2783,-3.843895367946639,-25.331425249254046,0.9171692073049443
2784,-3.8673994733182773,-25.29011092137407,0.9311550866391975
2785,-3.8995085319238663,-25.297341049084668,0.9354645090544369
2786,-3.915860244729149,-25.27369165191859,0.9068639461048364
2787,-3.903311656259019,-25.24868898175515,0.903692283777979
2788,-3.8684453431825863,-25.26734151246837,0.9342169323324422
2789,-3.8467625399100056,-25.273080424609695,0.9718162693794423
2790,-3.8887326572362175,-25.240293996621485,0.9919055629763884
2791,-3.9702834243886898,-25.259662276683162,1.0116717054395559
2792,-4.026868934357769,-25.31141911854354,1.039302101269631
2793,-4.060241095665478,-25.311173261748902,1.0842828421931197
2794,-4.097619275266016,-25.321519257083715,1.135033689846564
2795,-4.120289932495497,-25.36078442264609,1.1547116896860965
2796,-4.136487857672708,-25.405647216606045,1.1575149562934846
2797,-4.122552451034377,-25.46391891753381,1.1557795499546286
2798,-4.109521198031016,-25.49699388578795,1.1494785767271263
2799,-4.103184096339833,-25.56037524908402,1.142173886098764
2800,-4.113868221857695,-25.685576984089003,1.162423527669744
2801,-4.146930447955359,-25.76714135919071,1.2037931220816491
2802,-4.207260241402547,-25.82108535748816,1.2235423730748847
2803,-4.278313141393239,-25.905507223726314,1.1960896084135069
2804,-4.2901246695500985,-25.950030098990695,1.1598998726857372
2805,-4.252907570203282,-25.992155259735625,1.1881462904256173
2806,-4.208667698689846,-26.051468063305194,1.2229220014910862
2807,-4.2112704487901365,-26.072275399291783,1.2361362769920397
2808,-4.263448717136459,-26.076505211842363,1.251978730062445
2809,-4.333190931789126,-26.10714169641238,1.2832650170696507
2810,-4.363365759829058,-26.138240997422088,1.2924153608058009
2811,-4.3628189133671125,-26.115452757245514,1.3338532572936461
2812,-4.3437639210769685,-26.084006853560044,1.3571545268536285
2813,-4.327228266026548,-26.083390397229504,1.3635987988784257
2814,-4.319645413798982,-26.068783285175545,1.3589275964378758
2815,-4.304750784678224,-26.05916118378031,1.3568204888255382
2816,-4.2893929795924315,-26.038478081846872,1.3714916373633155
2817,-4.287590221896264,-26.012918396918707,1.3728023968894107
2818,-4.292929338757728,-26.061184380319535,1.3839092749352742
2819,-4.301263944786609,-26.0978470376668,1.413767728389343
2820,-4.314973099571052,-26.092900306847753,1.4381148044184249
2821,-4.33312348458679,-26.120869376305038,1.4251060864394485
2822,-4.335888393001573,-26.19280652767292,1.3970014341217536
2823,-4.313012819357743,-26.26381643309208,1.4023395325649015
2824,-4.272572018455086,-26.314969842066205,1.420324834401622
2825,-4.274055856906497,-26.373305991851872,1.4277331550353094
2826,-4.317347890256294,-26.43390978856845,1.4423941197060821
2827,-4.379405735598836,-26.49886629521942,1.484595194661634
2828,-4.416192498035369,-26.535984441884104,1.5134216061538297
2829,-4.454922609849836,-26.551452334636117,1.573445066252832
2830,-4.493748199976547,-26.565560817192793,1.5999233855860109
2831,-4.518233434942966,-26.580106254663853,1.6127048990185533
2832,-4.515595737074362,-26.575313392351923,1.6290809957077343
2833,-4.494550753722413,-26.59906783664271,1.6482815623192728
2834,-4.489856241199385,-26.645093530217906,1.6573555506062962
2835,-4.49165729133439,-26.65313489726002,1.6636698298299368
2836,-4.505599890935631,-26.667347233273667,1.67942644339616
2837,-4.53087735992355,-26.706603860659722,1.7031645564294684
2838,-4.572026947529134,-26.724248267819895,1.7230262073095155
2839,-4.593307880489571,-26.715632128304016,1.7188597806771466
2840,-4.600974830104338,-26.71797841915767,1.6960704638284296
2841,-4.589406554799639,-26.740204800049202,1.695309967027097
2842,-4.569930137465757,-26.757393236966962,1.6991033797135096
2843,-4.561715060718176,-26.763348434881593,1.711829161369605
2844,-4.594387486033877,-26.7497692651666,1.7257771801400112
2845,-4.67334122217836,-26.740069896863293,1.7323994932904148
2846,-4.736607593932897,-26.721163158926274,1.7074094007001692
2847,-4.796447567897107,-26.62899906784842,1.6921469577374664
2848,-4.852543212874209,-26.539814002928402,1.6727098947253576
2849,-4.922758875576413,-26.451807293177122,1.6577234193228545
2850,-5.025885280554363,-26.38665004912484,1.6263088919224942
2851,-5.11130820637074,-26.324467822995768,1.6169687397010755
2852,-5.206093024774287,-26.248676489094375,1.6168466504026298
2853,-5.329311524253082,-26.145045876668824,1.5915853029435845
2854,-5.484627163458402,-26.00042362968714,1.6109676878296537
2855,-5.65992524244896,-25.8814686486553,1.6381893977003772
2856,-5.822073800053398,-25.8032935056656,1.6170421640344064
2857,-5.922578819024237,-25.731334265343143,1.576651190994011
2858,-5.963233532243506,-25.633984175376007,1.5357975806207815
2859,-5.95177451617952,-25.553636920329648,1.53413507442219
2860,-5.918240427142279,-25.469486761548875,1.527063286596829
2861,-5.924698283325519,-25.385899361318913,1.537101502865896
2862,-5.99153386506229,-25.3500465527531,1.5131477575181063
2863,-6.089956985262262,-25.331399634725077,1.4912367884642372
2864,-6.212127923900215,-25.2935893744082,1.4569867082293302
2865,-6.364209097893937,-25.225876912685102,1.4425163157259426
2866,-6.54407917189419,-25.169682583683993,1.4139481952806172
2867,-6.786983389331029,-25.116940627751063,1.3407964818473554
2868,-6.991446563011736,-25.084118370042276,1.2529422143341302
2869,-7.1957932455900435,-25.039590272594197,1.1705199601090113
2870,-7.387266924414789,-24.999100732547053,1.0891051560388996
2871,-7.542374073500087,-24.97171217025043,1.0126204639631662
2872,-7.685160272734301,-24.989000069956546,0.9709050794690581
2873,-7.809823578904856,-25.044402388770024,0.9711990977641047
2874,-7.89194654856493,-25.095221121635987,0.9746429004366497
2875,-7.892731172918602,-25.158478655850715,0.9434036433509223
2876,-7.823238179388954,-25.242742320534774,0.9227294080933045
2877,-7.684571176916422,-25.33446313238989,0.9450118327113792
2878,-7.553077920640434,-25.351275836726302,0.9745115260187903
2879,-7.454225120501366,-25.386138388758148,0.9896631265279235
2880,-7.403057253620105,-25.472522937049447,1.0057975272109534
2881,-7.368866799277564,-25.56888238818649,1.0267531239731928
2882,-7.339090739268814,-25.60375518425144,1.0367221110686455
2883,-7.319860602744319,-25.631649837969206,1.0426848499521806
2884,-7.291531831114106,-25.67650067848231,1.0263061722637574
2885,-7.236051084475054,-25.68289816943073,1.0232774020837723
2886,-7.143351451329173,-25.65622592498492,1.0257067148253862
2887,-7.052300993354262,-25.63304839125097,1.0360210580953146
2888,-6.953026486826699,-25.633202078424787,1.0424048129599413
2889,-6.864750137283134,-25.661203681781423,1.047693606109486
2890,-6.788493300288011,-25.714246048659128,1.0688469338340543
2891,-6.730781010852433,-25.77422292263328,1.1027894245413885
2892,-6.6847179367484575,-25.806266498661387,1.122744398776695
2893,-6.622575485027453,-25.82957401238882,1.1183684877314484
2894,-6.522066197246342,-25.861585143346893,1.1434152733794978
2895,-6.418392524940601,-25.876718007349,1.192658389595441
2896,-6.3218868175647716,-25.879943730363955,1.2519307051652993
2897,-6.207675127902902,-25.90931656483812,1.34832727847745
2898,-6.117238750441473,-25.958709715155237,1.45445536926178
2899,-6.035383134157917,-26.00071222004687,1.5444669148993582
2900,-5.937625664396013,-25.996050375774335,1.6699041747139478
2901,-5.839318906885178,-25.93868276848459,1.813871358439548
2902,-5.736898982496417,-25.897790226514985,1.9435544448479551
2903,-5.624119869292346,-25.856976235767558,2.049625535712834
2904,-5.543689946523818,-25.820677232659904,2.105890733856241
2905,-5.478509825597622,-25.776152550482355,2.15385755245162
2906,-5.411187142304138,-25.7225568363067,2.2098538518723556
2907,-5.355464348870456,-25.693923481374334,2.265161823143862
2908,-5.3256753516612765,-25.667387029074785,2.3397067563052736
2909,-5.309810616715366,-25.647420975412288,2.4116079249634286
2910,-5.305585256621436,-25.639750859664783,2.4305053609293563
2911,-5.302168426737438,-25.62432920558958,2.4117298021413247
2912,-5.2907000853642465,-25.630244454146386,2.3963521466570303
2913,-5.254264555861889,-25.613950198450937,2.381837169196402
2914,-5.204089628641654,-25.570185087730312,2.385634744017989
2915,-5.170200516051573,-25.566406616838822,2.398815303632376
2916,-5.157688026197084,-25.590789741069628,2.4120886034303677
2917,-5.170223141236962,-25.59842799360849,2.3815263964367217
2918,-5.201813022723194,-25.573444397598152,2.334270794324823
2919,-5.2273043109466535,-25.52360493864332,2.264445082122567
2920,-5.228478233772137,-25.440493022103475,2.170376960236958
2921,-5.216008185198314,-25.355660282897393,2.0842015272987773
2922,-5.20586762670098,-25.285515674876848,1.9811275110575066
2923,-5.22787206271316,-25.24331940106664,1.861726234962001
2924,-5.252107906115018,-25.217500961711913,1.7792796778447983
2925,-5.293714719180087,-25.16863086295136,1.691407908180043
2926,-5.360881159764764,-25.056377055402045,1.632992890385231
2927,-5.401158689252098,-24.95606681595556,1.620960013890389
2928,-5.396727664187184,-24.881537474255914,1.613117590729296
2929,-5.339814505052423,-24.821338607697356,1.5842515809834634
2930,-5.255651095524961,-24.814251921348983,1.5838127401455455
2931,-5.161777546440039,-24.798727685824257,1.6002509153845443
2932,-5.094609444671081,-24.774512033183036,1.6190122413502364
2933,-5.0888780156327815,-24.782122963557658,1.6344423885030803
2934,-5.129091031037305,-24.79698278551786,1.6590591445495573
2935,-5.190857737201827,-24.80371751940126,1.6827962970678731
2936,-5.2279860399474885,-24.815020357218096,1.732843136618047
2937,-5.254962094596327,-24.851177626598773,1.7825949825141767
2938,-5.267620672376211,-24.862871512891218,1.8023097379787123
2939,-5.276418353709932,-24.836842918378323,1.7999797942515225
2940,-5.265396147073172,-24.853132868976815,1.7958328135181245
2941,-5.240650170721905,-24.876884168159698,1.7957388986731662
2942,-5.2248510256819065,-24.887691791749774,1.7880049044694346
2943,-5.223160149932184,-24.897252841596647,1.7725008035297
2944,-5.232640855094273,-24.904821414796753,1.7793253548580834
2945,-5.246548513863731,-24.907539498248614,1.787813979858491
2946,-5.250783265544049,-24.945748634439518,1.7782895111876489
2947,-5.24005380498628,-24.986631579844456,1.7263670325989535
2948,-5.199807492139108,-24.994821398573794,1.6924515406550928
2949,-5.133714252881845,-24.999920397474096,1.6852861211798906
2950,-5.094407952454034,-24.9513521205507,1.6849810030000254
2951,-5.100304067245176,-24.863926831484775,1.6867907945684604
2952,-5.137446554690413,-24.803736303389176,1.694268152576548
2953,-5.197248711738723,-24.770984058726228,1.6975099222702452
2954,-5.2487982256939,-24.716799483569837,1.6945837277998907
2955,-5.291610195714766,-24.630041765739918,1.7177977901182657
2956,-5.3150814311303725,-24.535070522000318,1.7292250475890878
2957,-5.318411970979243,-24.420683465301458,1.7163616322496238
2958,-5.309142106520669,-24.29088158506846,1.6813629139710662
2959,-5.2628838977144365,-24.13830354419837,1.6467081606780651
2960,-5.20602557610841,-24.00389970783079,1.6369850400019579
2961,-5.13555116180124,-23.843124759302444,1.6388334649320973
2962,-5.08764814470627,-23.708734842404834,1.6493111038071282
2963,-5.071494616119257,-23.5589828590881,1.6723272963780973
2964,-5.078253143196149,-23.43045063658255,1.6758885025844372
2965,-5.099877613098756,-23.312937922336918,1.6589179521178758
2966,-5.103887306589578,-23.23679486531217,1.628822515039097
2967,-5.08048193740209,-23.182301008459493,1.6366787478801628
2968,-5.050556106156136,-23.129729829774092,1.664271311723329
2969,-5.036007573859668,-23.072951475791395,1.6938929200823738
2970,-5.069732413000675,-23.009491025877328,1.749551565434793
2971,-5.148455016454402,-22.949787573401345,1.817517622074833
2972,-5.261300134737221,-22.873856092602047,1.8594912629708364
2973,-5.387764870134877,-22.7445852576279,1.929418927271675
2974,-5.529918892647274,-22.574593353172915,1.9815731821030182
2975,-5.749804022837208,-22.312192205916283,2.0009920959186442
2976,-6.105640594210716,-21.926062009368273,1.9643205776242572
2977,-6.467493396190305,-21.611700108010297,1.9247791070450755
2978,-6.852487519987602,-21.309206072028402,1.8642914048015402
2979,-7.310510519642685,-20.949397675381935,1.7803825408655054
2980,-7.686104533567016,-20.657818334366443,1.7172730380754546
2981,-8.13332377943317,-20.2655698803785,1.6204754986675358
2982,-8.639168512925446,-19.8497492291971,1.52254363468321
2983,-9.051838912182745,-19.519089656873156,1.4455702557297236
2984,-9.409800635233633,-19.111206094401922,1.3365848067212966
2985,-9.753637412357278,-18.60053714921998,1.217424461254339
2986,-10.01480527708635,-18.144452365846377,1.155668559081225
2987,-10.228355237487541,-17.649083131747755,1.1244721117596839
2988,-10.418285358123423,-17.126430703166477,1.1058879909052255
2989,-10.561360954164313,-16.75152137794259,1.114984119868598
2990,-10.69224968619616,-16.47453750546618,1.139277360181703
2991,-10.81005679217039,-16.25398565586783,1.1585498394659766
2992,-10.867618678921785,-16.090497654195488,1.1896792451425062
2993,-10.896689841449703,-15.921698707136658,1.2193111891452686
2994,-10.88035260527714,-15.86503283899396,1.2158350592248344
2995,-10.813832209898283,-15.867052116784482,1.197848707034955
2996,-10.689594428590159,-15.865565574956106,1.1807023570093724
2997,-10.529000840473918,-15.913508596436955,1.1656409771920122
2998,-10.348686118858344,-15.962448790359774,1.1484537254220382
2999,-10.209895647552035,-15.958417413415436,1.145334668435419
3000,-10.088699032672395,-16.054124825039448,1.1365249081745215
3001,-9.969076789183578,-16.149354319436014,1.128913536876309
3002,-9.859460854100675,-16.171283817109618,1.1121367770778294
3003,-9.745574308553064,-16.241591323731505,1.111325156316068
3004,-9.655538123527556,-16.343550726072863,1.129778940828317
3005,-9.609677299634773,-16.410716744511255,1.154412227771895
3006,-9.6055381713795,-16.570760210506084,1.1790807251126203
3007,-9.645056259338194,-16.77198035633519,1.2209128641374667
3008,-9.69550927876248,-16.967039118780697,1.2600713115591988
3009,-9.715797003239675,-17.128770163479068,1.3014667465549892
3010,-9.725486559050143,-17.243844469726902,1.3462753458365255
3011,-9.708437517023405,-17.361512621518497,1.3933053513655707
3012,-9.67343677962154,-17.51577105429869,1.4163624602211253
3013,-9.622670132512004,-17.64040221495028,1.4307491058169102
3014,-9.547351417136756,-17.77964541084826,1.4450282176643334
3015,-9.455348121653296,-17.987977422492648,1.466203112879554
3016,-9.362918689766326,-18.14869583947907,1.5131081636584596
3017,-9.280591289604041,-18.292817749328197,1.5716283476099622
3018,-9.222446370609754,-18.467883732691377,1.600572788917414
3019,-9.145042623162682,-18.596006792862823,1.6014452412155595
3020,-9.009405938335549,-18.708749396801807,1.622662007012429
3021,-8.873294809371199,-18.86413316122141,1.6705310585028565
3022,-8.733171586578402,-19.01184110512634,1.731858092616593
3023,-8.599099106761088,-19.12587809659594,1.8012504194152426
3024,-8.502259144287912,-19.249887366684195,1.8568496801838386
3025,-8.436820252163756,-19.36591386485076,1.894822313537642
3026,-8.414044073241058,-19.410882532197128,1.9058215090919053
3027,-8.4285261337787,-19.466073412219785,1.909392213555681
3028,-8.443013602231359,-19.538482652968085,1.9061828697624281
3029,-8.433941428983683,-19.593098169817072,1.8872666240026528
3030,-8.394721311138452,-19.611805314141495,1.8754762555466251
3031,-8.33169779001226,-19.63784484457903,1.862249599618895
3032,-8.26585347774114,-19.660306879137085,1.84937593896804
3033,-8.22154397316351,-19.66139122753015,1.8573992984511722
3034,-8.206386806514184,-19.672731633322805,1.866944300119866
3035,-8.207405366746968,-19.68965564966082,1.86602456997853
3036,-8.19654262770464,-19.68029943275366,1.8371631484509323
3037,-8.168535398142767,-19.68318312807413,1.8118410792322175
3038,-8.134867414723091,-19.730167985962627,1.8046586890591028
3039,-8.105664703740523,-19.732831434571235,1.795785856095646
3040,-8.103293755067895,-19.708651541401697,1.7927985102546535
3041,-8.124200280147713,-19.685634866665133,1.8233346110611006
3042,-8.174149859241512,-19.630271482180234,1.863561639808914
3043,-8.258533163042141,-19.499196185961782,1.9022000049591492
3044,-8.368845783078907,-19.365568922527302,1.9488013249441072
3045,-8.500179334793305,-19.21670995809895,1.9820651704937768
3046,-8.698692511607051,-19.0290522374555,1.9985332278909995
3047,-8.981146833774359,-18.835589564716365,1.987208743700069
3048,-9.314458203899022,-18.651339692420855,1.9732875243323111
3049,-9.72927905238965,-18.43887953283799,1.9491614049507058
3050,-10.272641689989497,-18.163343608871717,1.929867157213522
3051,-10.901554649550068,-17.87555077184812,1.8993889476462242
3052,-11.707729555902489,-17.564696312553288,1.8377351752338602
3053,-12.46559997319629,-17.233365639570327,1.7158217256837132
3054,-13.242212891444561,-16.806951345376493,1.527008111625416
3055,-14.088811337411325,-16.266611911014778,1.3260938213008275
3056,-14.775147017488642,-15.76570968587241,1.175835433612237
3057,-15.409352662762762,-15.262457754605867,1.0244484625201704
3058,-16.063288393601656,-14.667936585349874,0.8828774960359413
3059,-16.590753294144527,-14.146259825678968,0.8032499779397113
3060,-17.07275478460103,-13.617429870716236,0.7052588562033067
3061,-17.525057952654794,-13.03996803358068,0.6365547314178601
3062,-17.818328391638506,-12.553239365203638,0.6289811723190817
3063,-18.020130256541584,-12.016279642687804,0.6112303113435203
3064,-18.116621526016207,-11.445421079675347,0.6248054188383416
3065,-18.06435266372268,-11.016387745111885,0.6612883934986499
3066,-17.918775132532573,-10.5445508114347,0.695745309965741
3067,-17.676130867879532,-10.071127095823663,0.7659164312969995
3068,-17.440699154822802,-9.759735229768587,0.8365952277750952
3069,-17.254369030015372,-9.47702697278815,0.864830855857214
3070,-17.05062575232716,-9.292911358764378,0.8760094207627184
3071,-16.810907609828533,-9.313785487981285,0.9064909537486883
3072,-16.550487334338786,-9.33174066807225,0.9447010591087744
3073,-16.353241044906905,-9.401051182599023,0.985197356816044
3074,-16.138387148931187,-9.682524693428633,1.0825736987362928
3075,-15.878759118900437,-10.20752934537591,1.2224591507154225
3076,-15.696412769953861,-10.73331096120648,1.3153910096984502
3077,-15.487447018805891,-11.400800828009697,1.396669530521958
3078,-15.217351572211523,-11.952816364015192,1.4616959229214386
3079,-14.940185265187688,-12.155499618060748,1.550859562319412
3080,-14.718752348684808,-12.328168720415364,1.6218294732561565
3081,-14.471420852046702,-12.644593637582165,1.686066685841498
3082,-14.170722992761359,-13.04005938413829,1.7410978420101535
3083,-13.880515542703815,-13.42401998296569,1.8101540179564881
3084,-13.566557670782661,-13.810324107780422,1.8563956848228216
3085,-13.349520315338351,-13.916742582200063,1.8837531415870647
3086,-13.216546352499334,-14.022597439299012,1.9358047205565594
3087,-13.173354446701852,-14.212785172152055,1.9465800133681306
3088,-13.248554498378601,-14.319136097295388,1.9153797251645548
3089,-13.42298432066322,-14.366778309970165,1.9366920072118234
3090,-13.744918210769356,-14.444686975509137,1.9834111482777788
3091,-14.148285692663512,-14.47310734377962,1.9914219145656595
3092,-14.587139610720518,-14.467712373732402,1.9906712320622761
3093,-15.100659799446042,-14.438883226998422,1.9829012305920855
3094,-15.584090611745507,-14.293671098038761,1.9508269083837169
3095,-16.06483352906486,-14.15608726744226,1.9583431111854899
3096,-16.58007296259568,-14.05900914633413,1.979383460237164
3097,-17.026353629985525,-13.954319750303316,1.9798216607431196
3098,-17.471167753750343,-13.854295514363969,1.9904257714768652
3099,-17.93405070026121,-13.766392926540695,1.9727146437780652
3100,-18.316758795738828,-13.671718711480462,1.9681527301842152
3101,-18.670306161916002,-13.636739520118699,2.035294919925327
3102,-19.04934236806764,-13.588140823607514,2.0827838400255656
3103,-19.37196470944285,-13.478646108792212,2.109248189563501
3104,-19.65470849071295,-13.348798902056274,2.10428244213633
3105,-19.953740190892496,-13.258148968089245,2.06848253012388
3106,-20.182942100618014,-13.215653665769082,2.0589475389833045
3107,-20.369562498225335,-13.193527081683854,2.063962646114389
3108,-20.587930402566762,-13.202596530533665,2.0708651924290375
3109,-20.724198714315733,-13.230955429270052,2.0916639155020333
3110,-20.791226318645734,-13.273856241468128,2.1085079698309657
3111,-20.838723686004396,-13.249793364084566,2.100694681616093
3112,-20.870602350859187,-13.201521667430546,2.076014714132366
3113,-20.873676094335583,-13.15439823973762,2.0293757233789997
3114,-20.890802241140136,-13.086219026974668,1.972321908971876
3115,-20.928575469702526,-12.993170735915866,1.8785769395300556
3116,-21.03980157639481,-12.885112871460013,1.7550416351725096
3117,-21.225093549070873,-12.775772684223472,1.6222564656364726
3118,-21.426601726199944,-12.687386878095575,1.5173758636179642
3119,-21.600986271548418,-12.655677805850894,1.4177104657230066
3120,-21.748981604412894,-12.596263497839765,1.2736579081464692
3121,-21.84470031364289,-12.53670652183213,1.1486764542228003
3122,-21.876485185230713,-12.510209425595574,1.0806856901883866
3123,-21.848176757293324,-12.44397516114119,1.0572523362771782
3124,-21.79763326760143,-12.364996754960274,1.0307876422214017
3125,-21.734804339368917,-12.344564011147902,0.9982885881040626
3126,-21.670485052569717,-12.356673322532338,0.9305690777614837
3127,-21.573389510560872,-12.309529691757604,0.8733461806346275
3128,-21.438967347475206,-12.221413668584896,0.8204030372892459
3129,-21.323810605575012,-12.173316973268811,0.7416694735481735
3130,-21.19015546342174,-12.096340595663598,0.6474238033812101
3131,-21.032951138317436,-11.994766059567613,0.5525148044618465
3132,-20.883058787331336,-11.905276363056608,0.4357708116692295
3133,-20.767855943280573,-11.856466104942694,0.33893519250452875
3134,-20.658938359090936,-11.727275657991127,0.2582834128523242
3135,-20.593399901068892,-11.621416531804012,0.18387980211433513
3136,-20.521952902777528,-11.556615597857059,0.09301861069259937
3137,-20.442586996965197,-11.436991214151591,-7.841150536045362e-05
3138,-20.374584716534713,-11.290668366778167,-0.08744324208203114
3139,-20.30718475206506,-11.19317037247595,-0.16762776743286062
3140,-20.27361625774561,-11.14773497922842,-0.2548968663740778
3141,-20.33533762763139,-11.084854812960616,-0.31012123950739795
3142,-20.517081442200578,-11.011870588099498,-0.3748937367104417
3143,-20.834306416984916,-10.967086638437719,-0.5277769802345933
3144,-21.12909253341926,-10.89121168014952,-0.69019679520399
3145,-21.434153941458227,-10.699130328073439,-0.883085069750593
3146,-21.739945582901065,-10.51516516969605,-1.0900333840148395
3147,-21.967656856424796,-10.430714467108698,-1.2584706289365997
3148,-22.21010545074759,-10.37922956344905,-1.4180067698536574
3149,-22.633710683953133,-10.302473465364285,-1.5226274453266817
3150,-23.191925240811152,-10.282846899304111,-1.6182273814401147
3151,-23.843285452879893,-10.31981781689082,-1.7894321411013876
3152,-24.529788806126703,-10.329627122098348,-1.9828642772041056
3153,-25.289282894439587,-10.357932890102445,-2.179370800741523
3154,-25.909005768131557,-10.43716249786808,-2.3676233708547914
3155,-26.515811302366906,-10.456501367383748,-2.486781483899502
3156,-27.029496922674795,-10.394013243949365,-2.5458274794431786
3157,-27.503447611652028,-10.283882490204894,-2.5704807665732243
3158,-27.975381758413565,-10.13348421683013,-2.5878944998139612
3159,-28.347980920210183,-9.967075205180889,-2.5929787080114766
3160,-28.704980566778246,-9.761345529823169,-2.644675866937166
3161,-29.051802671985453,-9.577744350380934,-2.6916946886069972
3162,-29.324880369019258,-9.50997789395202,-2.7145312476927153
3163,-29.477835951787718,-9.415589707798622,-2.7239756660102508
3164,-29.59591249655737,-9.195405853599812,-2.70774846145843
3165,-29.651182345004827,-9.0548118183508,-2.646340934449711
3166,-29.726822514056234,-8.972221684240985,-2.5508049662259693
3167,-29.77725872500903,-8.882561447522193,-2.4557057020312847
3168,-29.85706168900281,-8.729495436769998,-2.391022681361813
3169,-29.98542072083676,-8.54283567837376,-2.340786900713923
3170,-30.104743731158884,-8.37361504526124,-2.307429906659987
3171,-30.240989845576102,-8.207736159045256,-2.296685194625438
3172,-30.414220129673254,-8.034697967242145,-2.266770755192262
3173,-30.62009947367124,-7.89018690678809,-2.204242653328926
3174,-30.849740207570704,-7.758090929015117,-2.1552993773828946
3175,-31.138537030462007,-7.575214266699897,-2.058610347400376
3176,-31.44005653928531,-7.383538072485061,-1.9766444527572538
3177,-31.79125687852872,-7.2429854903515745,-1.9570560577094882
3178,-32.24228193861312,-7.1527878489041585,-1.9388040084826228
3179,-32.675609066814516,-7.092760335727828,-1.9351421833005669
3180,-33.123819943982745,-7.062946367796339,-1.9303568954336472
3181,-33.71706973113723,-6.972181170750319,-1.9291334344983633
3182,-34.23230147774636,-6.905867672917,-1.9244321172337855
3183,-34.721433726970325,-6.860727733315446,-1.9903817336573595
3184,-35.24573991667695,-6.759838716438258,-2.1581320079045416
3185,-35.70926479759766,-6.739713827480077,-2.303831260555448
3186,-36.14410489064355,-6.755415706139895,-2.451787958896716
3187,-36.600085508266005,-6.727801735505716,-2.6021523906739956
3188,-36.945073648382404,-6.785550745516599,-2.6345063833279863
3189,-37.223683389344146,-6.856662030190112,-2.619020252280019
3190,-37.48499780091861,-6.893059977016605,-2.549205212219236
3191,-37.65850299076686,-6.964762554689127,-2.4258588035263324
3192,-37.79979193371191,-6.965175784490189,-2.3115502070397036
3193,-37.93647709198342,-6.98933302918419,-2.1882094683090765
3194,-38.030697175919926,-7.019987594044256,-2.1099186134908057
3195,-38.115471860366284,-7.025702979321968,-2.011386397919072
3196,-38.13820909332987,-7.117955400664548,-1.876860267438511
3197,-38.116434799478625,-7.179215388054419,-1.7907157932410942
3198,-38.06946692754219,-7.133320462885277,-1.723588473893948
3199,-37.9637113390988,-7.11435714240715,-1.6914073658455449
3200,-37.80317988207701,-7.089660685329564,-1.6818201542751074
3201,-37.63116716545008,-7.037234338717997,-1.629467951793709
3202,-37.374736713776784,-7.092488406612871,-1.4873338541796501
3203,-37.100255911840776,-7.14646886617364,-1.3777614715443622
3204,-36.90648149082767,-7.122426222675431,-1.2673440290992097
3205,-36.70830615407071,-7.192643649027808,-1.147074960348611
3206,-36.476200783938445,-7.251079330256693,-1.0607594021928965
3207,-36.13385566378501,-7.284544490841583,-0.9831948307586009
3208,-35.729599318329306,-7.3748034224389984,-0.9025338196789838
3209,-35.3043809769156,-7.386811936466328,-0.848651045089051
3210,-34.89762331945463,-7.363235262567208,-0.7888701887952887
3211,-34.560220908589635,-7.461324306029962,-0.7115626938264707
3212,-34.29061340733747,-7.528298646846516,-0.6464616538570747
3213,-34.08888140599101,-7.628839748137068,-0.5624914161738978
3214,-33.86178419042321,-7.877468137477267,-0.40809200407872814
3215,-33.679516522861846,-8.13419136439212,-0.36632654518479124
3216,-33.41734377191935,-8.590329060739059,-0.33078685698740257
3217,-33.14962345120219,-9.077815273144441,-0.27301853191085146
3218,-32.879793232401035,-9.409589077478584,-0.19932404687657362
3219,-32.59977679940794,-9.771113690516454,-0.07704742751591699
3220,-32.45602886168177,-10.06557349416697,0.036703618448670386
3221,-32.42695576436064,-10.322398053775732,0.0778874874104578
3222,-32.407727090012145,-10.660723721743253,0.1832137786389041
3223,-32.41706685773176,-10.817512612957298,0.30594345831427827
3224,-32.45773649694643,-10.834661930294871,0.4223401520010311
3225,-32.49256959646951,-10.925279350869733,0.532457794180418
3226,-32.526564044497356,-11.038002923712035,0.5904444451833183
3227,-32.53050526668821,-11.156215637426666,0.6539627489187074
3228,-32.50387640237099,-11.291966910685904,0.7394392033739864
3229,-32.51763311206315,-11.303011704100264,0.7885951669635881
3230,-32.54138631859466,-11.320889691647006,0.8403604762206639
3231,-32.53288571024715,-11.399439960824337,0.8503624343374607
3232,-32.501892130193454,-11.388938061673066,0.8340325194923527
3233,-32.42111325081022,-11.293941619468677,0.8583284625034021
3234,-32.34459595277502,-11.2255557091839,0.9080881507736134
3235,-32.2999620431563,-11.143272461801898,0.9366370604183853
3236,-32.30678916894444,-11.091368924089627,0.9729055778141216
3237,-32.38947929957392,-11.151784284786872,0.9983250869268958
3238,-32.48834222547276,-11.214229684520767,1.0234991703865912
3239,-32.61031290899093,-11.241508958160448,1.052670452563788
3240,-32.6967974051785,-11.282153128819079,1.0806617845914883
3241,-32.75140035097475,-11.282321316294306,1.0778560785983584
3242,-32.79054919762576,-11.20749050194876,1.0382916629150114
3243,-32.79252322399171,-11.130296313972556,1.0066398816221342
3244,-32.79923081531133,-11.080741973425665,1.0048898591168074
3245,-32.841716780696224,-11.048959868164307,0.9957206504578147
3246,-32.902422814928386,-11.045546601535026,0.9616533749327254
3247,-32.95786591727486,-11.039607961546714,0.8963609295868622
3248,-32.99536217241641,-11.032929979662214,0.8382261488585446
3249,-33.02504074979518,-11.0553956430489,0.7978856114785421
3250,-33.07152572106434,-11.023214602381996,0.7504819115500554
3251,-33.17102541381246,-10.944048177121152,0.7101053555948884
3252,-33.29293264515392,-10.914250141466086,0.6832507063650033
3253,-33.41666754835455,-10.90234257728656,0.6588278712476704
3254,-33.56026521417742,-10.846510965596972,0.6563399748795657
3255,-33.6649018732284,-10.811087371361884,0.6889467105219467
3256,-33.7300716660424,-10.802641407342842,0.6867455220121517
3257,-33.77440830862748,-10.80656726081631,0.635501228114937
3258,-33.75413867803587,-10.777240477085275,0.5802610068085445
3259,-33.71220638590346,-10.70295699041608,0.5072425504094658
3260,-33.73726293754221,-10.621414490541142,0.4168341658384001
3261,-33.81637173762139,-10.548287006726726,0.3106653867966427
3262,-33.937298837670554,-10.450526351592677,0.2007961393837606
3263,-34.05506074755487,-10.323248456137534,0.03843598851711335
3264,-34.156831229015886,-10.174680609420067,-0.11033834266365442
3265,-34.24062449202635,-10.040592004831637,-0.2140250416701857
3266,-34.24988329043137,-9.921449198114313,-0.2505955014475048
3267,-34.19748962524087,-9.872689934099498,-0.27668751737923974
3268,-34.11995066799062,-9.845061839824005,-0.28337181787784543
3269,-34.013807328641946,-9.831113278115037,-0.31171640881994345
3270,-33.94330629853165,-9.805411711932154,-0.34792412152471663
3271,-33.895828911472464,-9.779757153390118,-0.39125361367400135
3272,-33.83520733816589,-9.741671391241656,-0.41866009415583294
3273,-33.798270803815925,-9.743395099426877,-0.45183098740699434
3274,-33.74520547788018,-9.810161499420827,-0.4967406011085335
3275,-33.61571588461346,-9.843781222798217,-0.512549980841449
3276,-33.50275587316072,-9.819631281392375,-0.5153912861329827
3277,-33.44641455466505,-9.834693187919658,-0.49103018952152433
3278,-33.43376439262438,-9.92721190321547,-0.48773312919224227
3279,-33.43652393121209,-9.998509078934426,-0.5617040234403754
3280,-33.405878708752375,-10.118843021525775,-0.6491791619717465
3281,-33.32288120377526,-10.235922393853462,-0.6726188233892183
3282,-33.24760541328061,-10.298400755258054,-0.6594485113183941
3283,-33.202418580518085,-10.403626396086857,-0.6673825229730784
3284,-33.16987446764407,-10.544900022846322,-0.6724002039781827
3285,-33.1287276877334,-10.655248522144245,-0.6830412650205282
3286,-33.07650757217908,-10.631562304089526,-0.6856754234842267
3287,-33.021588510637095,-10.627101494150057,-0.6754548459563945
3288,-32.970242857673156,-10.619928847860882,-0.6753131728940808
3289,-32.88806501762308,-10.647891175606429,-0.7206121073725091
3290,-32.77761683260984,-10.685069172149415,-0.7713342653319684
3291,-32.645477449445316,-10.659722280583635,-0.7647115966175332
3292,-32.449669627956155,-10.635626977031496,-0.7142953564231379
3293,-32.262041904579874,-10.644735566743298,-0.6484842969557578
3294,-32.102024407367935,-10.595199827632294,-0.5576625792243597
3295,-31.91052053968976,-10.508536983416247,-0.5077604708399055
3296,-31.694864124796705,-10.492930150771512,-0.5027117338188816
3297,-31.46164920952781,-10.494733182772734,-0.4786767253745794
3298,-31.197706547567652,-10.503172437557737,-0.43236665610979164
3299,-30.94977885905786,-10.603128275922577,-0.39618399632507717
3300,-30.704084725519515,-10.740123877227537,-0.38306733859103514
3301,-30.429915350711948,-10.812647128585045,-0.35918678313312363
3302,-30.168359847812482,-10.864494218511915,-0.3156864028550029
3303,-29.86662020155444,-10.974449961698962,-0.24111461205142157
3304,-29.52486992324961,-11.021403655183816,-0.15825191887412757
3305,-29.193698060346264,-11.04812832196698,-0.10016204130284848
3306,-28.7450875965261,-11.129779799137458,-0.02976721793939238
3307,-28.172051087999474,-11.18021745921029,0.061236673741059997
3308,-27.695383616333,-11.180192700647947,0.11435674833177763
3309,-27.214681523527766,-11.230332404229129,0.16558462042675975
3310,-26.667660433521668,-11.30475605352312,0.23991193848646516
3311,-26.222529427376337,-11.375653255014814,0.23752545441776823
3312,-25.805570924885696,-11.533039370370599,0.19897820185392906
3313,-25.340718200364364,-11.681365101980829,0.23618809806212263
3314,-25.020080739408748,-11.72882448317618,0.29239567157572993
3315,-24.695910160890854,-11.843308021267488,0.33918508137489234
3316,-24.3320093198844,-12.001505014928949,0.4084789236172732
3317,-24.051136114808624,-12.055883506544573,0.4556672057858502
3318,-23.855739863482178,-12.04685144465158,0.456295156293311
3319,-23.633083584336312,-12.184998745977277,0.406702487490159
3320,-23.345975342089055,-12.364985656294396,0.3815041857897471
3321,-23.059228302663822,-12.431219740584623,0.3314499189355422
3322,-22.779351392164386,-12.48308459309066,0.29385522428267447
3323,-22.361428675888433,-12.654552474211476,0.2870827716564069
3324,-21.928474951039416,-12.823323837424471,0.29826581887348724
3325,-21.43918249084453,-13.051517476042134,0.28465050397661185
3326,-20.978631881467685,-13.301969860026404,0.31081503730634474
3327,-20.434344920543623,-13.511774872625598,0.3550840806589024
3328,-19.929705403200135,-13.688533778659243,0.3161939712801361
3329,-19.455465273973676,-13.910943452841256,0.2876517851027281
3330,-18.913078911099184,-14.073954278921377,0.3272584240034339
3331,-18.478617742858457,-14.221610675604806,0.3191740681479704
3332,-18.0375961416596,-14.491555131258627,0.34547584558929306
3333,-17.49753883229121,-14.826969114558356,0.40686417087200877
3334,-17.0493383070853,-15.050131642559126,0.4666979611310498
3335,-16.673227026264307,-15.243592753876147,0.4919692871575546
3336,-16.388090776967793,-15.43582367232336,0.4411992111529135
3337,-16.151965293755687,-15.656582145788729,0.36632945335123035
3338,-15.842543454227926,-15.940684206642036,0.28584858850828804
3339,-15.436103315917533,-16.304247992534663,0.21133043870127577
3340,-14.95750847317027,-16.711414348194737,0.20516515253057782
3341,-14.426889364518086,-17.140870267251128,0.28577975300908476
3342,-13.95045124035007,-17.49257644421209,0.27632557071947533
3343,-13.551739455023883,-17.80354015139337,0.1841057719827469
3344,-13.087961120474239,-18.183538229705963,0.15202597475480997
3345,-12.474817388345624,-18.75485022632864,0.18863910987359256
3346,-11.865376502595547,-19.289832282695542,0.27147098715880125
3347,-11.268351294050138,-19.77562288941992,0.3861432982296592
3348,-10.722487179242549,-20.296394204827628,0.4786166944159719
3349,-10.30907069991345,-20.7855249461297,0.5056406576295563
3350,-9.82944677074626,-21.23248754191946,0.5384780188746943
3351,-9.34215548538355,-21.568681560136188,0.5826649131954507
3352,-9.034519119322484,-21.859288747040747,0.5651099399079323
3353,-8.798974063601069,-22.008753847633017,0.5123922995235066
3354,-8.556527045665199,-22.071495383100658,0.47104836468069866
3355,-8.432852052240573,-22.164823413839724,0.45134220200179875
3356,-8.420477039786494,-22.143396674127985,0.4138020955006247
3357,-8.49124793613851,-22.0881543626565,0.3800139772732737
3358,-8.59753498073723,-21.9803584168489,0.34689943308192517
3359,-8.77356958764552,-21.86031503583481,0.32781102898773584
3360,-8.918046472395906,-21.81581938345676,0.35336185915751733
3361,-9.016094534390785,-21.73085154626452,0.40960729219568653
3362,-9.078069612963866,-21.614839885902676,0.47647585702989703
3363,-9.039462508884789,-21.58098658014001,0.5364349385696584
3364,-8.89154453693522,-21.53948207095754,0.591453018648777
3365,-8.723144787438558,-21.343701812296565,0.6485888308650131
3366,-8.582697981805671,-21.11650384624814,0.6711311228327934
3367,-8.380204479924659,-20.81963646846331,0.6794559493682257
3368,-8.167421214484943,-20.44565780445867,0.6801363002324444
3369,-7.949402943467741,-20.127069505820653,0.643533850624294
3370,-7.732119400587108,-19.844788548753247,0.6026254470562903
3371,-7.4959104301739305,-19.54860422507429,0.5951420677975532
3372,-7.3060742757453205,-19.371847897395476,0.5729817861699252
3373,-7.14928936642098,-19.05337026473942,0.5030895820125705
3374,-6.975158369209748,-18.665293694299933,0.44713656644388516
3375,-6.754975155360249,-18.2371202093273,0.41642296711215154
3376,-6.612351259193424,-17.793187745594572,0.42103593273453677
3377,-6.4533881969951015,-17.467273046671284,0.4259194912378987
3378,-6.323011246589567,-17.158078107813175,0.4195316369531101
3379,-6.233979911360685,-16.911843107797402,0.38732932320876173
3380,-6.093634138432702,-16.793476069046815,0.3547469467953625
3381,-5.977482649162798,-16.660571415537916,0.32089298127652555
3382,-5.8893602174445325,-16.48021197745066,0.3075049836095774
3383,-5.824208698167791,-16.353240733327336,0.2638945999348616
3384,-5.738429777860846,-16.19727378051972,0.22779873157608066
3385,-5.6279118375101795,-16.056740468160207,0.2485006344355102
3386,-5.552235436356134,-15.963404983112348,0.2674879197149784
3387,-5.499931425013551,-15.996140171178824,0.2869683659895139
3388,-5.452510869242289,-16.185894099115984,0.29005179614743126
3389,-5.458501290700472,-16.606388548016774,0.3330950606860752
3390,-5.482415017973785,-16.998449162125606,0.3860235831579827
3391,-5.514946965154047,-17.34518099756059,0.43215209212351535
3392,-5.577346826134603,-17.85874096924562,0.46269664427581014
3393,-5.6407285134782885,-18.175681399853232,0.48709423971010185
3394,-5.612280493979654,-18.27973259111979,0.4743777083254985
3395,-5.515703398334687,-18.42460902464454,0.5158714270801388
3396,-5.3671479092271674,-18.53019663682457,0.5731460842335275
3397,-5.220630879844553,-18.567749044216487,0.6100716338011167
3398,-5.095300153160875,-18.72894607263364,0.6181813627417518
3399,-5.002889127503257,-18.75858587511822,0.5981736045268076
3400,-4.955351101606542,-18.60229942881312,0.6024641372004054
3401,-4.946577225468887,-18.53348212707379,0.6322206029281006
3402,-4.975561547341744,-18.532840056214276,0.6335261295354709
3403,-5.0611356963335155,-18.42522718861035,0.5819313615616928
3404,-5.144414587529603,-18.292322535101448,0.5849901123255159
3405,-5.216518308026115,-18.193604739591176,0.6124213255622938
3406,-5.273997132643235,-18.146897699545377,0.6533277014179177
3407,-5.337763341715532,-18.061678716880465,0.7071513521837288
3408,-5.40285981014648,-17.866317483338275,0.7521645926600375
3409,-5.4562068051779375,-17.72010569150186,0.765045902355912
3410,-5.483189396960489,-17.62781865068495,0.7827793143328381
3411,-5.472169224114987,-17.517803140263645,0.783954320295983
3412,-5.418404149552872,-17.49001157604456,0.7369541884918949
3413,-5.322281220612035,-17.562032401540407,0.6603527643180058
3414,-5.193477562913731,-17.597919864549272,0.6274229820770383
3415,-5.0521884992051,-17.640842784848562,0.6206107756159596
3416,-4.929555675295446,-17.724710706231456,0.6117182963359343
3417,-4.812491037551699,-17.735889164539806,0.5860383329040816
3418,-4.679656210243574,-17.728972224005233,0.5169128174696362
3419,-4.468970633743792,-17.76801982996641,0.4898147893933431
3420,-4.213014295626235,-17.718408302048783,0.49514276375338323
3421,-3.9411074971454125,-17.671875440799983,0.5168003327934187
3422,-3.7658807025850325,-17.721538397488914,0.5198868845611837
3423,-3.650249544276646,-17.806458500060685,0.491774733490814
3424,-3.5672662022097965,-17.849188457575075,0.44015091053306965
3425,-3.5204664102264784,-17.830988680637624,0.41361639973533215
3426,-3.5167911381461665,-17.780418969623152,0.38222778562458926
3427,-3.585053595065525,-17.719405561043352,0.33041020941288585
3428,-3.7106593891022825,-17.634780679659002,0.2540379434183213
3429,-3.832850435464298,-17.504647294163718,0.20542099113595008
3430,-3.906986714896502,-17.306090010795216,0.25100341848134944
3431,-3.994289339417011,-17.104847901056353,0.28948827886887585
3432,-4.101881682325088,-17.003360321146786,0.2737793242596042
3433,-4.214303504303105,-16.840116802589776,0.24231435076951266
3434,-4.2635136030526315,-16.637508293366697,0.26612972594658946
3435,-4.3118982088096285,-16.444370620593943,0.2839964066516242
3436,-4.390099337372217,-16.196645370742328,0.2928900865508216
3437,-4.449078608584067,-15.910858576522678,0.3301117088062631
3438,-4.511273993552475,-15.649042936095228,0.3601989584560988
3439,-4.563519525975504,-15.409931752479537,0.3778270361109882
3440,-4.617262299320887,-15.141858247047118,0.4062456919157949
3441,-4.675856459769129,-14.88472677164956,0.4080566258337889
3442,-4.753223679506692,-14.474181353139212,0.40224811032020186
3443,-4.825262361978816,-14.07683419718767,0.3929886951407415
3444,-4.895580107549429,-13.710675648877569,0.38641666587494494
3445,-4.961873985243157,-13.280693873392565,0.41582383146482227
3446,-5.0322638752728395,-12.763744050617587,0.46275539457396736
3447,-5.099921581844583,-12.305752792327665,0.46654433523786654
3448,-5.105863765746664,-11.871156402985953,0.39088371624727475
3449,-5.043881821291981,-11.377935509546042,0.33007254194082497
3450,-4.913480044314282,-10.954619293227072,0.25711155517945306
3451,-4.678366574676412,-10.368224113235517,0.16068017114980238
3452,-4.401077921496503,-9.81461895313312,0.09154562439113978
3453,-4.0927280724535136,-9.301184720929486,0.012982799535270307
3454,-3.7082205913329793,-8.498305453433732,-0.06840861238654117
3455,-3.417700493040753,-7.819853793167026,-0.10623399934323127
3456,-3.2075215564107515,-7.130543968436811,-0.146291083876902
3457,-3.058459889517166,-6.190375679489586,-0.20404234682099553
3458,-2.984407582406128,-5.483721729152561,-0.29021411985950607
3459,-2.925469375491323,-4.725457219548837,-0.4354174561066526
3460,-2.8833346937436053,-4.083767383651088,-0.5405263819040875
3461,-2.8265725364750507,-3.6264119800218095,-0.5761249538017638
3462,-2.750761673892167,-2.9863891861227714,-0.5686406674085409
3463,-2.6672732727339423,-2.432269730248829,-0.5676306532000758
3464,-2.5807381886281373,-2.0952545332045185,-0.599896092832453
3465,-2.473757629332078,-2.046378336741176,-0.6580737223250035
3466,-2.330423498580133,-2.0801425415633363,-0.690417388966553
3467,-2.164126187916554,-1.910421755912784,-0.676954072456872
3468,-1.9997441899283857,-1.556513060990291,-0.6435904664883674
3469,-1.8971716519461426,-1.1109978803342444,-0.6181626330826662
3470,-1.829785528689691,-0.711064602330834,-0.6017316527836892
3471,-1.793921935374537,-0.11406602506934788,-0.5748397043181894
3472,-1.765145271668803,0.5709504463599483,-0.5420148295124418
3473,-1.7174896652066383,1.2038067562582908,-0.521114184159382
3474,-1.7077189775245958,2.1555072312065917,-0.4997547422000047
3475,-1.7261945041201265,3.0290361165177506,-0.4819412889449354
3476,-1.7719934781303146,3.6309387351021707,-0.45118772233498206
3477,-1.8503733386084664,4.057597728181488,-0.41933817718383753
3478,-1.9359116447007365,4.354068943085718,-0.37879035957386975
3479,-2.0117131806636497,4.534164415159279,-0.38329382872775486
3480,-2.0698552262372965,5.042086997797318,-0.45711616636365376
3481,-2.078631450271549,5.400571234563603,-0.48723676654604914
3482,-2.058477585960457,5.491824571035647,-0.48810302661896887
3483,-2.035619779911751,5.5094089486471916,-0.4744102050844247
3484,-2.048512153696233,5.605218809385436,-0.4465194215089736
3485,-2.124842963011658,5.874979991123652,-0.3815971670745237
3486,-2.199588105547094,6.109945756721057,-0.3443116185182715
3487,-2.2892266483931123,6.233669135229307,-0.2915643895413589
3488,-2.3953062655060604,6.437044667506236,-0.2629266607582737
3489,-2.5090064983549683,6.749326969928571,-0.22816956281771894
3490,-2.58042229324055,7.040154695194313,-0.22330553438622391
3491,-2.5847748194187092,7.3621688719520755,-0.2094354080803792
3492,-2.534503483569501,7.6631487149342075,-0.15847886257809013
3493,-2.498813469638468,7.7616392411085435,-0.1440990600934544
3494,-2.467086473697596,7.8351961873372105,-0.16380714376302974
3495,-2.411768043727446,7.978489063454176,-0.13636145639512096
3496,-2.339799716917478,7.991849875761691,-0.1089386808430807
3497,-2.2129425830573366,8.024251561420265,-0.13947152695844706
3498,-2.0573343861659197,8.216471762765636,-0.1532107724343143
3499,-1.8935138821778459,8.336657054052136,-0.14143549980025114
3500,-1.7059715116004563,8.335913443438303,-0.15133140322350777
3501,-1.5215333314477104,8.416340652388078,-0.1749832940899767
3502,-1.2935318901608692,8.520744494539446,-0.21143337178496818
3503,-0.9094605918895118,8.508127872666636,-0.2253628620387692
3504,-0.4940468385730442,8.520528497426591,-0.1723142909898597
3505,-0.03473821820407274,8.596318171526375,-0.09704588760238347
3506,0.5165088224584206,8.554915390379326,-0.05831882230719521
3507,0.9917057799461426,8.42062509070983,-0.03696696759397513
3508,1.6315207672047265,8.316583742261955,-0.052403384986221824
3509,2.520178908399404,8.261686983343504,-0.015609558349557216
3510,3.3660908875985314,8.127131146390354,0.06608039836833261
3511,4.273915645225339,7.930792234369448,0.12287083246938002
3512,5.41767971673014,7.667055445323299,0.19222546606251079
3513,6.50750491937778,7.309836754988204,0.268960946037077
3514,7.601844948932885,6.857691262680157,0.32714716662681464
3515,8.814377119057637,6.388130699147663,0.40898846639393405
3516,9.8530822593822,5.978849556008096,0.47210320200492417
3517,10.908192793565082,5.608215876044287,0.5412402433834222
3518,11.986746434933071,5.317626518682879,0.6742905655245208
3519,12.80136510870991,5.106720699151859,0.7129731278690614
3520,13.634762686359444,4.962580605629305,0.6803973948817481
3521,14.631550789953033,4.865272604495422,0.7186827924041411
3522,15.574186757009283,4.754424237144263,0.6894714077806026
3523,16.84185297666809,4.6957571813780055,0.6565268445836046
3524,17.959606470416148,4.5960587615206165,0.6635501999364255
3525,19.076817742182214,4.443415700292302,0.6010126153017012
3526,20.23740430768695,4.366262210449113,0.5482614643021595
3527,21.278304704278995,4.24091024548316,0.534489241819697
3528,22.132356812141914,4.232935081078759,0.5316911588183608
3529,22.92831999265202,4.215953385328457,0.5559351817203215
3530,23.673528197459046,4.079419802986604,0.5439999065712497
3531,24.262522934190635,4.137323877093046,0.5825668893101511
3532,24.752109082159528,4.2014163611354505,0.6503086511280538
3533,25.015437028091185,4.097346286950105,0.6761685473531729
3534,25.12620552825188,3.9148796067928133,0.7522057872378555
3535,25.018361953421824,3.4977251835224847,0.831838854862703
3536,24.779497174572555,3.0674198916407365,0.7593549141190656
3537,24.46711366872101,2.6641303825588087,0.6819253828815052
3538,23.928513133228282,2.1443577523508193,0.6210885153247714
3539,23.382600303818887,1.8303141949395183,0.5833335780330605
3540,22.72960417345098,1.4838629790352036,0.6156499239183373
3541,21.848007716074562,1.016742248922963,0.6533383735883369
3542,20.83503230829618,0.6910564118080231,0.5479760371043001
3543,20.067351657005048,0.49442623423144366,0.5404012507059234
3544,19.197066210489865,0.2584378658387149,0.5842672862230291
3545,18.53634828001831,0.04010828760630972,0.6099773985363159
3546,17.785630014474567,-0.3705658514403771,0.645845549458779
3547,16.914366177875056,-0.501474295658785,0.7258900826141358
3548,16.154926068438186,-0.363493857670871,0.7474221469300423
3549,15.376345505512555,-0.261704270358468,0.7630184034196882
3550,14.570120348624663,-0.25990913125269444,0.8404923842470443
3551,13.837845296841145,-0.44488033621515355,0.9623897546916445
3552,13.223999126995073,-0.7293615682437748,1.0253614691759056
3553,12.677800106499383,-1.0068524132546384,1.0572784831656243
3554,12.384800289791706,-1.0020450143283657,1.1265982157838423
3555,12.237176301298566,-0.9440590785526997,1.2178694895537439
3556,12.212584859232406,-0.9736122707736418,1.313046446938349
3557,12.28648800640484,-0.9107595819713558,1.3946530293907224
3558,12.39251044760287,-0.7458173219010165,1.4852312542933972
3559,12.473169591824856,-0.6627077828132163,1.5854879552799792
3560,12.493518598185474,-0.7018676699314569,1.64138123908667
3561,12.488740842055828,-0.8036415204952951,1.6691749472871296
3562,12.471077829402118,-1.0144665214753594,1.6608830135272137
3563,12.466519494881716,-1.3709127314757776,1.671236597602923
3564,12.452945237429024,-1.708761027417666,1.6826379216292864
3565,12.427247295730263,-1.9797023351286227,1.6837380119399026
3566,12.399063144980481,-2.2847599479483636,1.687886189111356
3567,12.342901558275184,-2.7111967196581164,1.7051532032714607
3568,12.250103393071083,-3.1125080345219116,1.6543900826553228
3569,12.182475433273126,-3.4431001384704496,1.5936548558445804
3570,12.100765316470692,-3.846853479240216,1.5100591162996793
3571,12.046510121908383,-4.068208940128829,1.4435966566072076
3572,12.047345119316313,-4.24689567424422,1.3820169872657424
3573,12.062705485743852,-4.548431515553216,1.3363675207422112
3574,12.057209700145824,-4.875205487771388,1.3080875296817207
3575,12.061655335629577,-5.232832955724933,1.2823697262648621
3576,12.053205469222302,-5.601777285275774,1.2626763812926447
3577,12.026756029463984,-5.967714488473801,1.1802464431256654
3578,12.001488664220174,-6.2432822776778,1.1093146206775641
3579,11.938427576748431,-6.710582884013156,1.0777224633871225
3580,11.884899049354036,-7.146622540008874,1.0371939264431465
3581,11.843877453792711,-7.461066464294587,1.0475351248086187
3582,11.762372244329653,-7.91789673247842,1.0843309735511608
3583,11.641106473222974,-8.391454782328001,1.0927173557631087
3584,11.501888257845728,-8.779388824362975,1.0876268510021236
3585,11.295437482973128,-9.247479037608139,1.109213875115552
3586,11.05800130326544,-9.634947074178235,1.1151078106592465
3587,10.787600655336583,-9.914538398198207,1.1045349694696425
3588,10.413967789726778,-10.324666647224841,1.0875342168141424
3589,10.068382469973844,-10.695302995832552,1.0276924909613618
3590,9.84518478901064,-10.953282214814836,0.9640411663422987
3591,9.730028671739515,-11.242463526273397,1.0182672313695513
3592,9.627547780969593,-11.569170876633956,1.0859741631736872
3593,9.480976807231283,-11.896281982877923,1.0875414738703435
3594,9.173366793927702,-12.411576058174214,1.0805222997024422
3595,8.777813111908195,-12.905782102229935,1.0307851876155476
3596,8.459414727186775,-13.158041163376227,0.9349575809595289
3597,8.156306548922416,-13.447040423414713,0.9054547927226961
3598,7.920847398165351,-13.737108570351616,0.9269397927670544
3599,7.7247817620902115,-13.919607994174173,1.03125423077767
3600,7.462715114595937,-14.164052022864732,1.1385998926410266
3601,7.2096803636786975,-14.279494686738312,1.1001306595134122
3602,6.972161794144972,-14.150998102265389,1.0015149986651701
3603,6.788618367411621,-14.11964341748544,0.9352308952439625
3604,6.665808387875577,-14.145267775698173,0.861972048206193
3605,6.653628085201511,-14.016229917827806,0.8031464045257939
3606,6.738089509925279,-13.826016013775785,0.8091006218460277
3607,6.747807667385199,-13.709963564972204,0.8800478234101643
3608,6.599612700798951,-13.582984212691843,0.9502101402008272
3609,6.35431114501721,-13.45389598395326,0.9200563495684282
3610,6.133978764249109,-13.37987946573245,0.905456393548259
3611,5.850755247816906,-13.336523777595096,0.9707133005666266
3612,5.551659687188923,-13.310379489573155,1.042925613463801
3613,5.2249290819990195,-13.28083815604898,1.1209922465897342
3614,4.869693907232622,-13.31208014668309,1.2107020793407888
3615,4.4733291836083104,-13.418494554845456,1.2725831167787702
3616,4.188842486715494,-13.480802664946678,1.3276704253131224
3617,3.916906922256632,-13.62670291119078,1.4235371664106975
3618,3.7028221952905116,-13.85888353208927,1.4754241966086252
3619,3.5555576687710992,-14.009037207518976,1.4907171618959396
3620,3.480218136205446,-14.196964707476406,1.530874521759501
3621,3.41053607102741,-14.512807371556372,1.5797515548131975
3622,3.341691982397798,-14.832673828819699,1.6345866766385044
3623,3.2714242300957497,-15.038037511726113,1.7139683921277749
3624,3.132910694390789,-15.299578130275819,1.7809275671305078
3625,2.977684773606918,-15.544818016856397,1.7540180700838786
3626,2.7831386282244663,-15.708696313043406,1.75217947355099
3627,2.581657814724368,-15.86036115440281,1.774158943145149
3628,2.357652389077001,-15.974314165198198,1.8084936371791724
3629,2.0921554743382584,-15.962459035282125,1.8333015407805102
3630,1.8613576171959099,-15.962028748543466,1.8674794041960618
3631,1.6243268610821446,-15.980065888013222,1.9244096375072965
3632,1.3025560520350907,-15.883488312792966,1.9236973787854197
3633,1.0133732809064226,-15.788466387370308,1.8785935880707527
3634,0.728069019648607,-15.735999349772026,1.8560650600864723
3635,0.4608218107374317,-15.654102659384431,1.7984334009521523
3636,0.32123011514006544,-15.546605910978508,1.7698004169241977
3637,0.2158313331940473,-15.319063002606617,1.7824505884400534
3638,0.01849786121157407,-14.853671750848322,1.832567937775688
3639,-0.19489230804811794,-14.410564097717485,1.8444300230224115
3640,-0.3656798383378187,-14.04868849299086,1.8001985731517094
3641,-0.5063457679291473,-13.551914678250611,1.7007116714334205
3642,-0.5771887557491413,-13.16553647809975,1.626621267197928
3643,-0.583471782639988,-12.837791839172592,1.56554010434271
3644,-0.5733905836578295,-12.522717934108076,1.556551473129114
3645,-0.5960918909648546,-12.26468777919633,1.5753077818254484
3646,-0.6446511201454714,-12.087900487135068,1.566955016859139
3647,-0.7017706039409664,-11.840318805736688,1.521376422570359
3648,-0.7625184122355525,-11.618599787434949,1.497420457478857
3649,-0.8330281615342094,-11.423986040959832,1.4545864238699908
3650,-0.8939377599323496,-11.151432542452886,1.3727622694197956
3651,-0.9219539681906512,-10.867959664208952,1.3070976885601429
3652,-0.9219379599350227,-10.594728520299245,1.2404748462001773
3653,-0.9021001026731509,-10.391437499722116,1.1837713447326292
3654,-0.8843126895139042,-10.098653780050094,1.1465385992458637
3655,-0.8737943584313783,-9.83694128974559,1.1238015811109645
3656,-0.838244771795926,-9.61656959566767,1.0330546296516085
3657,-0.7987779650081366,-9.348680647176346,0.932648763611057
3658,-0.7459921294547328,-9.088644836223626,0.8727476319566714
3659,-0.7089822163799806,-8.88694627428757,0.8434248298739572
3660,-0.7168634541519423,-8.610725947323207,0.7895771133638512
3661,-0.7773314381381392,-8.288038721439783,0.7433241402108056
3662,-0.846281929977711,-8.026041445497455,0.6839225728537388
3663,-0.9132882725320325,-7.76651262066323,0.6475039513810577
3664,-0.9664503020927102,-7.542790718423472,0.6299032478432933
3665,-0.9955444529241948,-7.322109318218795,0.6056805159213188
3666,-1.0256046486220178,-7.023653141108637,0.5445805793637538
3667,-1.0345716839504977,-6.753551903132208,0.47209679870267274
3668,-0.996530988357738,-6.508499573754308,0.39884427492587665
3669,-0.922312766560142,-6.204936941748694,0.36535601800687667
3670,-0.8308155538020661,-5.8797346951776195,0.33989899621507924
3671,-0.7695565485444041,-5.518169164295556,0.29731530201510853
3672,-0.716679626016473,-5.004882705159213,0.18468290961879974
3673,-0.6401658737225769,-4.542173303896618,0.039897088688768644
3674,-0.5565208704329226,-4.238012087301944,-0.03577799776284757
3675,-0.45997817566580046,-3.8520752012718327,-0.08672751297287307
3676,-0.3728355286038368,-3.3375257872114754,-0.10484190142344207
3677,-0.3188930965812611,-2.9610490754936647,-0.07246720544639888
3678,-0.2951109918954659,-2.64231577233902,-0.02521612922759183
3679,-0.3136878521810409,-2.3092507674717853,0.0497600084353237
3680,-0.3379956946621078,-2.033302129763693,0.07827680151724069
3681,-0.32782314190116163,-1.6014857978076753,0.0550236596232158
3682,-0.2855098538191853,-1.2986795265243753,0.028246443659827945
3683,-0.22213717184916504,-1.1102663050363022,0.004722050211808291
3684,-0.1525531933137274,-0.8855501099445318,-0.016539071042529767
3685,-0.058566289928894996,-0.5943103829088747,-0.01675150226224892
3686,0.03754455546221752,-0.42252579440547156,0.009263096244491783
3687,0.12195085135861305,-0.31861129792134435,0.050912672876706734
3688,0.22026556664233837,-0.21317644403930958,0.039235300730972665
3689,0.3279292499555536,-0.1689902567498433,0.010146244193336467
3690,0.45006687763671427,-0.09958696472970785,0.020806913681300426
3691,0.5404402574888052,0.07637283295361808,0.07603618600785356
3692,0.6155572894790993,0.21152275121222827,0.14449707868923536
3693,0.6850283697917157,0.217289311755855,0.20563708924672422
3694,0.7278961304878172,0.19437202639997297,0.21072421940083086
3695,0.7500983537451923,0.16899199097753642,0.2067098024564018
3696,0.7910247399203523,0.03809223457286033,0.19919776842008935
3697,0.8343108496968832,-0.057857804555408884,0.18225417709545616
3698,0.8877084674195631,-0.054779890575576896,0.17992997848136777
3699,0.9552135738584216,-0.0908684218171947,0.1892934606626277
3700,1.0286863928882894,-0.19504882876752733,0.22300521951062996
3701,1.0919730806168142,-0.27636983354628863,0.2551876296571467
3702,1.1747617094586853,-0.3392236345905314,0.2771017309936317
3703,1.2459180947646584,-0.4891287822788024,0.2791651151028899
3704,1.311903994193714,-0.6941105818224987,0.223969343386293
3705,1.4087522215754396,-0.953394586199181,0.1624313942743013
3706,1.5208211510495429,-1.2405022201387945,0.13025413345001183
3707,1.6453296326859979,-1.404445466241677,0.11913944148446592
3708,1.7515526986823082,-1.4472969014985648,0.12222683368565142
3709,1.8197316765552407,-1.568938955516266,0.13570056890170407
3710,1.8777287177258184,-1.7358269655704077,0.11521244295598244
3711,1.9121985732344213,-1.8147908056299369,0.11148974978995994
3712,1.934055973968496,-1.8823318257857524,0.09453023025097615
3713,1.9616467792997279,-2.025892291255863,0.062035465686611384
3714,2.037174284038641,-2.2790808129706326,0.005420387435118137
3715,2.1928512095211405,-2.5337353741211874,-0.04381383526354326
3716,2.403378333945975,-2.739528976365219,-0.06519021929346103
3717,2.675724509399691,-3.006447668667368,-0.05143684319694819
3718,2.9628731219000155,-3.2391453661521203,-0.03006683245380258
3719,3.269577309292513,-3.433702241755904,-0.02944010257583341
3720,3.6367824362868335,-3.6596878329485687,-0.10913710317159812
3721,3.9652239755593897,-3.872921182230202,-0.1631987500078619
3722,4.255413962437825,-4.055849185552196,-0.17597739342430443
3723,4.5476161550986385,-4.272125307562867,-0.16328786263086154
3724,4.772472221871497,-4.540694129040541,-0.12230508737524959
3725,4.9595974775582565,-4.8098921770746035,-0.05172707287149609
3726,5.121826604843199,-5.117688364491647,0.025678007423118206
3727,5.231688462856494,-5.391140801159382,0.07856662431529135
3728,5.32394106226952,-5.612923817647219,0.11286710010425122
3729,5.431559975296151,-5.880017296549834,0.0911406755546929
3730,5.60014699125691,-6.191868941725247,0.029862130220004147
3731,5.8440624917333945,-6.486509651064434,-0.008138911490388145
3732,6.16519811705477,-6.77459332554378,0.014366759091351601
3733,6.460716085940637,-7.107955922503286,0.10709878532261186
3734,6.802502508999707,-7.61816066063356,0.24439011459645696
3735,7.283542152439831,-8.314593660099217,0.3845039194511526
3736,7.8117778826540984,-8.831767776397733,0.4011545863782071
3737,8.437337668930804,-9.390942005471135,0.4007524589968148
3738,8.952363329056919,-9.832707217283833,0.42656702517807876
3739,9.425377861928672,-10.096594365227043,0.45053277123636076
3740,9.900358651477795,-10.361502590431035,0.4797581897640007
3741,10.35119537998505,-10.505277961513631,0.4583448533440067
3742,10.880217819057572,-10.646912612742465,0.4380804027500568
3743,11.401119197140126,-10.954471582776678,0.4406935903988818
3744,11.992698139361194,-11.463109295811297,0.38702236490708186
3745,12.524722523914368,-11.923247764274624,0.2846472489646341
3746,13.059426065905784,-12.421840052731824,0.159918525027416
3747,13.530618631018301,-12.690329732040327,0.10344580143974573
3748,13.98032751537844,-12.840293524835328,0.05143784371292498
3749,14.422852689932494,-13.02036512847858,-0.012572875633128821
3750,14.765682005970898,-13.096106139197211,-0.013834365363544229
3751,15.085565613851827,-13.194037664627984,-0.08928864711047883
3752,15.432884294223655,-13.23745924747462,-0.27257622380783114
3753,15.737327904257992,-13.167727374144317,-0.34861172946482044
3754,16.074731057796818,-13.040003890808903,-0.39375711809134395
3755,16.496463951443793,-12.680244459731254,-0.34322943375734716
3756,16.812638821687365,-12.351533340385693,-0.2556964787427302
3757,17.039895903653626,-12.056007310101261,-0.20777013594839316
3758,17.221195323039048,-11.700132092237165,-0.20309417784010905
3759,17.314785244456143,-11.400575439718018,-0.21672946303588117
3760,17.363078300783915,-11.138433277454746,-0.2132707059845364
3761,17.40690457096752,-10.777000575153606,-0.18205796924230064
3762,17.42125941466555,-10.450504152334236,-0.15546520173428768
3763,17.399346788729083,-10.129811064643922,-0.11540175391900459
3764,17.381981890004905,-9.677746183271934,-0.04707999632440873
3765,17.350869768318006,-9.263902973727017,0.012715660935703468
3766,17.25739640456951,-8.808498782863065,0.10975269397169235
3767,17.067440642661936,-8.316525681705535,0.1638311828268988
3768,16.862301282635787,-7.9316101561657675,0.1545876158205107
3769,16.667829659673433,-7.507906097676283,0.2051894583987074
3770,16.472554940923896,-7.1195929518183485,0.3045640002463292
3771,16.263222127338654,-6.803387879461901,0.3733289564031647
3772,16.035925246120637,-6.436493953922502,0.44515023540505294
3773,15.758979779784772,-6.16417614169966,0.5405767545484658
3774,15.410500143863235,-5.981359244025091,0.6274119363806545
3775,14.882164044483867,-5.643308537896912,0.6745202306319403
3776,14.33403484979566,-5.345931034906259,0.7118551646568069
3777,13.752272676691584,-5.048405827875145,0.7985342659966161
3778,13.096449344095902,-4.685383320432102,0.8908077724309788
3779,12.492495769049786,-4.337042423854929,0.9307949008875522
3780,11.930382498947184,-3.906596725428457,0.9902890493230048
3781,11.40249805277797,-3.4752443120252714,1.1287846174073208
3782,10.970810546880918,-3.1197107409459166,1.3061615283101724
3783,10.609830077731157,-2.7040584736679545,1.4240146406103187
3784,10.281139412245944,-2.41754724957313,1.5154947876026106
3785,9.869370685300964,-2.219398398648767,1.5657991172162484
3786,9.533521879290433,-2.0393357971275634,1.5790487942972313
3787,9.225808625003816,-1.9024509468897763,1.6173605140145322
3788,8.87780694980872,-1.828573832239242,1.6149221431308871
3789,8.547393301012773,-1.754574728983086,1.5781963036364048
3790,8.164002193093582,-1.7131886854717915,1.4901720289095224
3791,7.78208254027646,-1.679367162557645,1.3264024613064838
3792,7.341601316432625,-1.621858288038132,1.1713306159752652
3793,6.839233323867408,-1.5519074983378183,0.9080491973515836
3794,6.425711365580487,-1.3404823882359436,0.763166266340845
3795,6.018382170358759,-1.1264007358349226,0.6757433147228232
3796,5.547696950611121,-0.993806263194033,0.530941545568122
3797,5.1151970327571386,-0.894450652952469,0.411953355418921
3798,4.639195548523778,-0.6792243106979113,0.24518297681731926
3799,4.099430792237907,-0.4935909234527394,0.0392747277305648
3800,3.641242586040457,-0.34491288859968466,-0.1455356542937848
3801,3.1394828125524064,-0.08614879452157688,-0.389671331007237
3802,2.590237028889622,0.17426889900212097,-0.6417945536502383
3803,2.0739283104744857,0.5169255991455594,-0.8838178743324219
3804,1.4844601920720066,1.0349879948007732,-1.1088174551099905
3805,0.7771700749214023,1.453164978487239,-1.2418462696358454
3806,0.2718964599129854,1.5403852140755803,-1.312695100928476
3807,-0.1776149846142659,1.6011138526852773,-1.4120288765292313
3808,-0.6394228238571459,1.736502524613494,-1.5175773605868332
3809,-1.0904823634421543,1.7538180741526832,-1.6376536977459737
3810,-1.5468634173922386,1.686548185354197,-1.778723864149969
3811,-2.020141870278691,1.6494557113240813,-1.9572744109085103
3812,-2.4277539829703603,1.6550136558815631,-2.094663427584304
3813,-2.8351444005057918,1.612209071325739,-2.2951373072262617
3814,-3.1017825940536072,1.5877845824209897,-2.4943439767897697
3815,-3.2915230741309767,1.562691496340861,-2.560161446097771
3816,-3.4311170824143655,1.5208656538794831,-2.5573175338381695
3817,-3.5990656899333056,1.5475588141305896,-2.5742117472320225
3818,-3.742352970506629,1.5408482782940738,-2.6171460107946127
3819,-3.906396332030241,1.6083901522212072,-2.7957362374614765
3820,-4.124722761270538,1.6985772431389137,-3.0207502795338708
3821,-4.324331815406493,1.6871305704328128,-3.207270120757658
3822,-4.48788785007056,1.6694411104954545,-3.3424240913028136
3823,-4.6863676074806015,1.7211490357961559,-3.4976261064897867
3824,-4.806855354227326,1.7984560258920739,-3.6499844454063357
3825,-4.902281858217703,1.8604764801255793,-3.8224404910755183
3826,-5.014541097978483,2.024460378069871,-4.011258410220088
3827,-5.13950032387731,2.2244066505617726,-4.241779394114322
3828,-5.246136564733539,2.442340585773194,-4.491317913553559
3829,-5.2454761654543605,2.6611991403800896,-4.71489851510721
3830,-5.175026083893741,2.856978344278615,-4.880285482226608
3831,-5.086447302319504,3.0648658473943486,-5.008960361212679
3832,-4.972312982722862,3.207132674806727,-5.086056697703828
3833,-4.8353105056331795,3.315936878002523,-5.089900844768471
3834,-4.758325761546754,3.4658567810952317,-5.050547568535587
3835,-4.7541465962880345,3.5822839642058875,-5.012051046914845
3836,-4.724696074161136,3.690997471862901,-4.985141184478712
3837,-4.597760773108258,3.9284955320147716,-4.9458126649588605
3838,-4.467954634852748,4.252032871998346,-4.946648516147375
3839,-4.368965279767638,4.553778104533581,-4.998903252862217
3840,-4.181876490957489,4.885488847975738,-5.015396586120353
3841,-3.9311369406597745,5.2724308222210565,-4.973658084840352
3842,-3.6609486956238007,5.686601993636634,-4.902200322172245
3843,-3.3599518030144773,6.005176307104547,-4.846965891230728
3844,-2.978657859466384,6.386368496029079,-4.8546580273726265
3845,-2.622720070285718,6.779317720387133,-4.801793825884871
3846,-2.3246487665974342,7.143521810207011,-4.7121634290169085
3847,-2.148595948287081,7.311042240851272,-4.630505002554391
3848,-1.9824023869211742,7.467382733030673,-4.5146531837657555
3849,-1.8123359996484245,7.706431704255319,-4.291804909732933
3850,-1.6570309522365307,7.867834931185128,-4.076289546434948
3851,-1.5354113527808715,8.034300323598332,-3.848165286185156
3852,-1.492615739089722,8.213442680724445,-3.7276814547509773
3853,-1.4788482817419895,8.325262992912975,-3.6863358711437386
3854,-1.4566947892792799,8.328394524177655,-3.672783105244936
3855,-1.39396824972542,8.367864583507476,-3.6108362082061944
3856,-1.3193130216896074,8.383268235627613,-3.4904463021550844
3857,-1.2733100019886223,8.27672918091,-3.3140122681018944
3858,-1.2529414691672247,8.045655011625202,-3.106782065447831
3859,-1.223163910984348,7.783634713372189,-2.9689760927224995
3860,-1.1828969682109067,7.358837438795977,-2.8136346993678956
3861,-1.1253007215514312,6.902858339904242,-2.6314658902224615
3862,-1.0230559208825247,6.50928633255943,-2.456843352312257
3863,-0.8425268734548927,6.001619457205313,-2.2268101771295794
3864,-0.6662409209033454,5.506484750158264,-1.9548707040266962
3865,-0.49434309802387877,5.020400159126367,-1.7109529740983838
3866,-0.31373726433008137,4.558450215996498,-1.5064491790834338
3867,-0.1276219893584798,4.197542073000465,-1.2992581615950993
3868,0.02593780473670533,3.805582391277615,-1.0769562045220804
3869,0.16742307520422198,3.2773327871289117,-0.8737411576618392
3870,0.393219000578386,2.6361396576338967,-0.752961483625233
3871,0.6143062443017182,2.186580591472231,-0.6678984156911385
3872,0.7439257304573311,1.7292889373771987,-0.650485222187638
3873,0.716377069985091,1.4764846873067512,-0.7920181055429636
3874,0.5748106226537973,1.4091792013132347,-1.0911922781439607
3875,0.46600635112703886,1.2850130666732473,-1.504380491180397
3876,0.5109351747353323,1.1218721646541447,-1.7015841704412178
3877,0.6276542480100207,1.0875313353359446,-1.7545253104593688
3878,0.7318080145549446,0.9577011750522383,-1.7934835214245946
3879,0.7807490939931573,0.6887968937583174,-1.8721218109201407
3880,0.7564219882444838,0.39348900648998963,-1.999690829221023
3881,0.7410048641353231,0.03727666063932488,-2.100496820113192
3882,0.7696323743152318,-0.31354353775654836,-2.123353345504922
3883,0.769651477500282,-0.4672868514947766,-2.200080731597466
3884,0.7884050956084236,-0.5866082681661313,-2.3308917972286514
3885,0.8796871574108502,-0.7966769730849236,-2.440884231954226
3886,1.0318608385896164,-0.8314186345117164,-2.553223273483646
3887,1.2226227546441966,-0.804347539844333,-2.639460177956708
3888,1.3747223255552998,-0.9604089350982992,-2.649661464547475
3889,1.5127370912865141,-1.1739815699699636,-2.6477633174651705
3890,1.6953717587262225,-1.2985644795911246,-2.7221605481886013
3891,1.8755548025078626,-1.4666222287198623,-2.7908571726782814
3892,2.04477371411781,-1.6287995555732842,-2.822435374111808
3893,2.2319329398258665,-1.5186422453539898,-2.812441767394096
3894,2.3628603941155983,-1.326482779773686,-2.8315643239274153
3895,2.4502059206448275,-1.1384583800451007,-2.905953657266156
3896,2.5546633722539496,-0.9619304705618668,-2.9911647555008782
3897,2.688784066061735,-0.7846011491286065,-3.0425194463385967
3898,2.7957695345428712,-0.6521164503037131,-3.116963715298289
3899,2.930594650146875,-0.4709604259964452,-3.231776584196792
3900,3.1056833394500134,-0.3008116651269676,-3.3410465312815396
3901,3.3480555669150416,-0.18755489740028836,-3.4532214352751107
3902,3.7230489915767997,-0.022378007244390995,-3.5494557884368145
3903,4.101487122766544,0.17637690612394408,-3.610583918781784
3904,4.491944820629612,0.4184959561747869,-3.7297629492237805
3905,4.7801876695616,0.6581985895982406,-3.9530146188291493
3906,5.002970663548714,0.9500127188081974,-4.145032066834152
3907,5.19979097496555,1.196501715409558,-4.302429355279275
3908,5.325690885569683,1.3803798498235644,-4.457439073506643
3909,5.312479178459766,1.6427197168713716,-4.621866211201919
3910,5.2666829049979444,1.8699668692328433,-4.766494556888007
3911,5.250127135167773,1.9554074141937248,-4.949166741970176
3912,5.186335684980377,2.000066824626725,-5.085410812694523
3913,5.090802976217258,1.98327067235138,-5.18848934987094
3914,5.0227379771214355,1.9218991229472975,-5.340281568803709
3915,4.938090646496639,1.8847447969726927,-5.47653118910183
3916,4.905234555637602,1.8862009039552055,-5.592586764214733
3917,4.994490061040533,1.8180635798455698,-5.605570205505573
3918,5.143074199441288,1.7222787886924387,-5.503883916446695
3919,5.280717616537417,1.7370489382568879,-5.317969770834909
3920,5.343426896463042,1.7361173670277503,-5.142786463290915
3921,5.3901738946517295,1.656482142548184,-5.027299141196017
3922,5.404903744120411,1.6089859778796187,-4.868684902155211
3923,5.357232528453104,1.5806691455370063,-4.694828389444629
3924,5.268641862032905,1.5361105945301712,-4.5398723652316075
3925,5.110278402831675,1.4730360915113163,-4.363603964611075
3926,4.9543694656150965,1.4403199890108953,-4.230729517069492
3927,4.847561548273983,1.383023261224012,-4.147261287930384
3928,4.783046064921393,1.2829398964707923,-4.067942560587648
3929,4.772397944572721,1.18969694456384,-4.018195377438348
3930,4.782080886918332,1.0578332077225419,-3.9373393774342897
3931,4.79421975384482,0.8736057958477623,-3.8560993830414985
3932,4.81659563530404,0.8104740839066772,-3.82854225865404
3933,4.85156697295453,0.8132982538476997,-3.8035759869230046
3934,4.880124544587145,0.7204182069683754,-3.758232192234496
3935,4.885557150422195,0.5969887900795176,-3.7029348931044614
3936,4.869119312901805,0.5157427486689623,-3.670614526097717
3937,4.830998059920018,0.4365797621869987,-3.680254884932688
3938,4.773328118331531,0.2970852367012984,-3.6869638199479824
3939,4.7390166520321815,0.10807709651482583,-3.7040567486160545
3940,4.694894009210909,-0.06412654407810717,-3.730247037560974
3941,4.602004717637827,-0.2394924421477157,-3.8130925489168943
3942,4.433985376096574,-0.4181708818638207,-3.9222516461563357
3943,4.256735586098806,-0.48298353310806624,-4.007974343216391
3944,4.072041844744392,-0.5230408254832017,-4.11796722242568
3945,3.8587968735200957,-0.5889349143498472,-4.220706777426032
3946,3.703554731081187,-0.6504096454591569,-4.262245368414496
3947,3.631357514477009,-0.6887396500619143,-4.33340266477874
3948,3.622681004583732,-0.7397350753995143,-4.419852686882473
3949,3.652234110282398,-0.7849349755247654,-4.42456854392002
3950,3.692426675724944,-0.8364252164051353,-4.408608102820693
3951,3.761017194273169,-0.8819695531197885,-4.4376343750369
3952,3.8546108327489086,-0.8969342871888543,-4.554396026690048
3953,4.000224149995005,-0.862359807084311,-4.694770333624896
3954,4.194446702447267,-0.8548056859580608,-4.758346678717098
3955,4.322262777486447,-0.9386318382872673,-4.7378852765719275
3956,4.390113909187519,-1.066634842959186,-4.688035858535869
3957,4.424177357609921,-1.166291354834373,-4.6118532753734405
3958,4.4503496792785295,-1.2649505079190275,-4.562654219356955
3959,4.475183168139321,-1.3985603138266471,-4.541746840496556
3960,4.508666258116406,-1.4836761098380191,-4.471572956953793
3961,4.556697649833462,-1.5110546350144918,-4.382145944372622
3962,4.607438913117246,-1.5735962904974976,-4.3179310223929175
3963,4.615562048269172,-1.6609705250872882,-4.315802974295501
3964,4.578038868584173,-1.6886710287719868,-4.361479758526271
3965,4.495829011098365,-1.726314672433107,-4.470333267550604
3966,4.316383345095401,-1.8447672626929437,-4.701673426719764
3967,4.121709769601217,-1.9591482538081013,-4.880042581651397
3968,3.949664847063751,-1.9705198111628233,-5.041903227729757
3969,3.7547569160853795,-2.018265371149681,-5.284147034711886
3970,3.590836615086663,-2.1059291383599774,-5.459840416483578
3971,3.4776209638566886,-2.235535466986168,-5.56638750951692
3972,3.3659265348367455,-2.4399805228029687,-5.729359752008828
3973,3.205571323569756,-2.659130640988277,-5.828534804370243
3974,3.0549888822246385,-2.921679071406256,-5.861725121125098
3975,2.9725738850557204,-3.1984717111508703,-5.812283710569897
3976,2.9268595735514187,-3.35674479000009,-5.6976759546587195
3977,2.9401813253973654,-3.414356359523446,-5.550976963780169
3978,2.995967219163519,-3.5267752370608014,-5.387111315281855
3979,3.0881440241373648,-3.5824090430609616,-5.247028765440381
3980,3.2003496015381394,-3.6381787944265827,-5.108063056800079
3981,3.2874409088690704,-3.7724502051192013,-4.925390597110632
3982,3.355859250202589,-3.907413366553906,-4.773898972190234
3983,3.4034384566196856,-4.019550754110223,-4.657606472966185
3984,3.3982946978727524,-4.146489667621298,-4.51806182876993
3985,3.383087097618705,-4.188323815012712,-4.343457420499261
3986,3.372549310801304,-4.187229695198534,-4.256448625161774
3987,3.3722310640898456,-4.167731481186593,-4.256051190301453
3988,3.41634534451657,-4.139608852585489,-4.19218717214042
3989,3.469367313397962,-4.091828965181849,-4.099752399760176
3990,3.5085298334322763,-4.029009789163897,-4.0133279743477255
3991,3.510517626502951,-3.916223955256531,-3.943395177391465
3992,3.5246247034298372,-3.609793263204666,-3.848177238983605
3993,3.5419123340850636,-3.3181381158017045,-3.767079824400887
3994,3.544587015199279,-3.1318849780540217,-3.6812473940896333
3995,3.5260201926487857,-3.008951807110588,-3.68429535769419
3996,3.520626705791396,-2.9352592803495785,-3.7642376196839207
3997,3.5789399521015683,-2.8713407564471165,-3.8513810158536605
3998,3.735746416373103,-2.7843256298027397,-3.9691876089022897
3999,3.964774038074907,-2.664692047013874,-4.073710275300627
4000,4.237604833964945,-2.5852428393827647,-4.11552498307456
4001,4.579851017866727,-2.5180492497592573,-4.102374303030764
4002,4.838059603484009,-2.330596175702581,-4.051858859810503
4003,5.075328944707222,-2.1278979549539105,-4.012928405035954
4004,5.343108863196726,-2.0140406513911877,-3.9852099083378363
4005,5.651331007513155,-1.9549281201478184,-3.8747167203975073
4006,6.039555439801086,-1.9623845090992786,-3.666793250589043
4007,6.438634761805458,-2.0744827169847397,-3.3949213502479116
4008,6.729585001560838,-2.0518488171079268,-3.1420584476459736
4009,6.983440235616138,-1.9810779741644327,-2.922789173881911
4010,7.25434883304365,-1.9966721072841014,-2.63774964712149
4011,7.5785363269394335,-1.974384833918517,-2.2641676064442806
4012,7.9515668764692204,-1.9931007818617323,-1.890641795464757
4013,8.340374762054006,-2.047409894744005,-1.4977403914776006
4014,8.681964388689222,-2.07335764762451,-1.1819790523434635
4015,8.997281479294863,-2.1765322351162566,-0.9667692932665374
4016,9.241248226664393,-2.258715235865168,-0.7886882282896429
4017,9.389859735990598,-2.24522032700344,-0.643199438164211
4018,9.526415009736612,-2.2295664687117798,-0.5134222706906555
4019,9.606642963450934,-2.182658537673134,-0.35171327563202426
4020,9.624606506869052,-2.131698532266069,-0.13200621034814433
4021,9.591181850914875,-2.159695920483255,0.0007092737488097065
4022,9.57054046248252,-2.3249697616757095,0.14967296128059002
4023,9.58526088258766,-2.5179365531680107,0.32708094580936403
4024,9.624535643080852,-2.662943542325446,0.506414283263238
4025,9.667731817781242,-2.761295020071234,0.6764857776188812
4026,9.813128316931339,-2.751343044141837,0.8942119813512688
4027,10.070861848780222,-2.7547218074740916,1.1458090476972242
4028,10.250962493484135,-2.732693440836608,1.3468039370036604
4029,10.34109003303178,-2.6899137023156383,1.5161231667012633
4030,10.275788147805642,-2.733487439547661,1.5805446016460216
4031,10.133800845628924,-2.8439934272295604,1.5750002107082097
4032,10.030457215397874,-2.8966249052387862,1.605322658597756
4033,10.006261494815195,-2.9157852106124764,1.6641991680469745
4034,10.015905800254885,-2.975773918717671,1.6798898302926188
4035,10.066033719596314,-2.9574393695255616,1.697834035206766
4036,10.152433753022317,-2.806381440003878,1.7466461816403096
4037,10.235535532171307,-2.660087494811302,1.7589805143192776
4038,10.366459269206963,-2.3662316714970677,1.777035314318192
4039,10.636609659531938,-1.8337970483868737,1.8829283984940672
4040,10.93504846173128,-1.428464414501224,2.041713572692569
4041,11.30603887644379,-0.93575301250837,2.299960901729018
4042,11.777867508088937,-0.6476576558611723,2.52500271634499
4043,12.208836762483095,-0.6241188008604588,2.689930894384373
4044,12.736558436514773,-0.5614944548624169,2.8758052844919018
4045,13.381201152823909,-0.6051283164527455,3.042026072306438
4046,13.962931736046496,-0.6315988331008243,3.166736260230821
4047,14.545678318160128,-0.5631604919053961,3.2783665019670054
4048,15.10722894357708,-0.5371426905083014,3.2568945363665516
4049,15.560217199147722,-0.4447219612061339,3.1212340909628593
4050,15.95727524255044,-0.36807171185257737,2.96090517901248
4051,16.29137413027434,-0.2931912552000491,2.808354550652944
4052,16.530239952803015,-0.1611308168859626,2.7470586557782024
4053,16.664645196309948,-0.0759619744028016,2.7129524110832683
4054,16.641780237114006,-0.0002787170707082693,2.7111091188081318
4055,16.580536657744993,0.06402013586892205,2.620105182182118
4056,16.572148753324946,0.044864170265873235,2.424458739013847
4057,16.606520429501234,0.08941671982561476,2.3024519929915375
4058,16.68009802507601,0.3152048745256923,2.2263705593425476
4059,16.828856533765855,0.6926862675831027,2.179952005566117
4060,17.07466393983147,1.1202619467370525,2.2048671870478986
4061,17.29803308892845,1.4430176929323224,2.276750701568889
4062,17.576385213484937,1.8298247705315873,2.3559832661506963
4063,17.801134093305457,2.1778105580907234,2.4061610183036506
4064,18.02856259011461,2.621950470141477,2.431074399512672
4065,18.415594395541437,3.227296812698187,2.401891901954961
4066,18.795877471770787,3.5678606899222802,2.407971886915334
4067,19.205316787954935,3.865783304570238,2.49505764467249
4068,19.611649082080042,4.109103699327049,2.60023984460231
4069,19.925586619509474,4.270822398181431,2.6689992797654467
4070,20.094412689019173,4.469788555540111,2.6492512274292714
4071,20.124638047668196,4.692614841950706,2.574781039037048
4072,20.024855981210237,4.928869816224982,2.4796808812921647
4073,19.95565428388471,5.237137290522577,2.3942806727105492
4074,19.8849536381001,5.534953636731713,2.348536245831161
4075,19.8089096239207,5.904932698399506,2.3375804388382853
4076,19.734568060146668,6.426122227428049,2.3016050518442768
4077,19.628015345532592,7.084129894727732,2.2261116503814478
4078,19.54917628288795,7.836354717306179,2.1560376575116296
4079,19.442977337283168,8.560080927503593,2.102377251440653
4080,19.287994867150758,9.215567971372447,2.1044440183582243
4081,19.164550513008106,9.657526982966251,2.1221249820214325
4082,19.073177256771167,9.938502297971539,2.075716321056794
4083,19.006081251378617,10.147097385303372,2.03092617209213
4084,18.97196909965219,10.185220996691319,1.9905487152135577
4085,18.935596010477497,10.113102450036209,1.9065184037104856
4086,18.88941279396617,10.125174863632264,1.9108831198070693
4087,18.824622611869813,10.141771270912876,1.9544759467908368
4088,18.76648247767758,10.154866929597073,1.9227289886682017
4089,18.810744144384977,10.411314456497049,1.8873816696877266
4090,18.931716599881334,10.616472387212955,1.854017278472182
4091,19.08187019638734,10.748426748855941,1.8519861454889024
4092,19.29087052493646,10.843201001934712,1.8842570801073977
4093,19.44807804381873,10.8566569536274,1.8885914636450534
4094,19.647345927478266,10.932150278791806,1.9091008625129977
4095,19.884074205938795,10.974208446126674,1.9960984723277084
4096,20.08341911022242,11.01758879800255,2.0932901364196184
4097,20.31708800595368,11.294157615252967,2.269047549854012
4098,20.492763411518133,11.568110500663439,2.4049196213393
4099,20.59327845189452,11.794831431693435,2.484076745733702
4100,20.655557534715758,11.968910436789288,2.5431709699878353
4101,20.625284667017382,11.977097837233208,2.554468072065003
4102,20.582115847239976,12.03431592841403,2.6009779299065503
4103,20.523429945525912,11.94990259092696,2.6750895100927883
4104,20.404468133953017,11.68185771199711,2.7720914677005855
4105,20.227161092824993,11.40333296912406,2.890026553332544
4106,19.995875902846947,11.06245765328992,2.9431539759342495
4107,19.679153075299272,10.655802744041608,2.9244271526769787
4108,19.43438963953716,10.364228841466588,2.9022958874978593
4109,19.16508500284595,9.932955044814268,2.872683256225526
4110,18.867528546529066,9.476350386359254,2.8850494934354125
4111,18.60278509382619,9.081123355732391,2.9545413810524073
4112,18.26931167219631,8.611816059280862,3.0191841289518053
4113,17.942304504055716,8.320705709954721,3.0929851209521364
4114,17.582633113659977,8.044553682472685,3.1448308360871238
4115,17.16660925388208,7.762211274097618,3.1855922266701553
4116,16.84906602802604,7.608629054230525,3.2345985118449594
4117,16.550589783562277,7.345155604990115,3.27611977836887
4118,16.1859128831039,6.998780538200025,3.3780250325556813
4119,15.837922793725127,6.690099407211077,3.485639157187835
4120,15.457673982395411,6.383672683845491,3.505889545631971
4121,15.045252257336573,6.280569813922524,3.5272026659239426
4122,14.722387746397468,6.159204150487902,3.5037672835787426
4123,14.43876545239575,5.911507662651545,3.3815163547953455
4124,14.147664233784313,5.571874901107314,3.247669537277692
4125,13.865483028019275,5.26201474595203,3.191006253753151
4126,13.609629947405113,5.217632246265991,3.1434571180367787
4127,13.446548667141961,5.272646828707975,3.0438845190224657
4128,13.334726647466374,5.170229117701027,2.9460459295546095
4129,13.269936567439654,4.963579485558334,2.8552069670163025
4130,13.230795850497632,4.6913708836446135,2.7545309434205674
4131,13.21493663943384,4.467720272083344,2.653902573568661
4132,13.185653155966962,4.367764010490578,2.5924553642834494
4133,13.15131836991375,4.4273318047694845,2.561593220597726
4134,13.125187561460574,4.412013700480694,2.5480082248316767
4135,13.064938927115424,4.342086986416049,2.5195268405554323
4136,12.984927842142552,4.288312093377254,2.433078200795555
4137,12.911711026189323,4.2630034848263625,2.341531905939906
4138,12.8298677196163,4.228535122856075,2.250508972902071
4139,12.754195439186901,4.170927608790477,2.1173419416562718
4140,12.726503045229217,4.069126754253092,1.9492568144130353
4141,12.702216523546497,3.917128842926438,1.793123583683907
4142,12.65211924041224,3.7862466339945877,1.686398377797784
4143,12.564428390641936,3.6821627421188285,1.557616345181823
4144,12.40791258069953,3.5507399983993033,1.4333013484500672
4145,12.237014082988233,3.410711783669544,1.3653879931020854
4146,12.093332302735039,3.2955928058536794,1.3328357698061204
4147,11.929041267862992,3.169988121835838,1.306865356040286
4148,11.717794652649676,2.991764990575771,1.2538727183491207
4149,11.517010419491243,2.8334936480379262,1.2018075593896609
4150,11.237160128095097,2.6507396540722374,1.1374313998711985
4151,10.920192679626945,2.42718386968781,1.038204471519181
4152,10.595725622537849,2.2191759710631724,0.9199805771584524
4153,10.23145702233726,1.9640825888694196,0.8016401343928397
4154,9.920035335109986,1.6593049239676698,0.7021276947631899
4155,9.639917354022906,1.2560851599977922,0.60574140065356
4156,9.37119438493514,0.8398024946457741,0.48898086599679336
4157,9.067901086247623,0.339204451364203,0.3867473964362333
4158,8.784552002031731,-0.08961204722471065,0.3799880438991552
4159,8.431099094227566,-0.5880080338349363,0.42753693870619414
4160,8.040929452443743,-1.0897439904274457,0.4903967962071498
4161,7.585857400692887,-1.5460757066301514,0.5439973986112012
4162,7.0381154402772905,-2.043866141894642,0.5862707194149578
4163,6.54906135852605,-2.4600221681545316,0.6025215001164081
4164,6.1471885976435,-2.650985815156793,0.6483353668175591
4165,5.73170725544059,-2.770268680864775,0.727872544991191
4166,5.545094683867796,-2.8290778910977203,0.7529131920540866
4167,5.469854624960686,-2.803085206626906,0.7936567105891149
4168,5.463954574257697,-2.7905288514531055,0.8442171318058724
4169,5.514342946623109,-2.8093370149291466,0.8702025861159725
4170,5.556912885112704,-2.80106686933411,0.9024011646006741
4171,5.5623245115315045,-2.840954461195155,0.9465743451824421
4172,5.537372397116862,-2.959682629324803,0.9803782315415874
4173,5.4986820494311655,-3.116145353240876,0.9752340319561645
4174,5.4509596069290165,-3.1653539946457014,1.0133935580852174
4175,5.426004931172632,-3.1876508694494508,1.0632411476732335
4176,5.4130389923836955,-3.228241542222052,1.0985165974392845
4177,5.378312870425116,-3.177813447748325,1.1465686948480749
4178,5.318156271944927,-3.0600086896706946,1.2151057250766013
4179,5.251138011375333,-2.9672950237706512,1.2485506061821952
4180,5.174649993547938,-2.8496669982732277,1.2697676991369005
4181,5.119869346985068,-2.6928393512768687,1.2781828090097114
4182,5.097785469183232,-2.5627991073408123,1.2494396003893578
4183,5.1072257103653484,-2.4328191261311556,1.2002598770376474
4184,5.13428683515339,-2.2651054920901528,1.1497063214615901
4185,5.177402155249853,-2.1223411240443664,1.0924690150310428
4186,5.244836683799411,-2.069479562781785,1.0178773759267221
4187,5.295446185335227,-2.030859052010225,0.954661609204345
4188,5.331941840091344,-1.976407204727563,0.8832764751270599
4189,5.372068881636628,-2.0272617255919174,0.7689642964469949
4190,5.437047957785026,-2.1428294851113505,0.6008892983725083
4191,5.5178805864592775,-2.319186038576842,0.4616930867304484
4192,5.591838852426031,-2.6491495465728327,0.33179540377243516
4193,5.628558197694294,-2.8979356718753198,0.1922214373181776
4194,5.613037594989768,-3.138183607614023,0.02708974547153182
4195,5.547985095304648,-3.3655830287695956,-0.08678772402435642
4196,5.479200374796547,-3.4339218720445266,-0.15129011526419878
4197,5.413408252484852,-3.442658520465078,-0.1779545864172152
4198,5.369354772064112,-3.5246135115378023,-0.22900868889734805
4199,5.350135477375961,-3.7055501432131672,-0.3391989551964372
4200,5.3278364361690045,-4.100815197449527,-0.5361454559470399
4201,5.26836012055479,-4.619251468768888,-0.7463785153847571
4202,5.176496720944011,-4.954774372824273,-0.8634409123818283
4203,5.0871723530788096,-5.195652568943088,-0.9123772960650567
4204,5.026337437944879,-5.395049835548158,-0.9006587193363449
4205,4.967685619709176,-5.528586994941367,-0.8831507569595228
4206,4.917609836623331,-5.680016333573637,-0.9059811441677671
4207,4.902693332881202,-5.839211330532008,-0.9869014889885688
4208,4.92179241693027,-6.082763140539314,-1.0399716033855537
4209,4.959242739424447,-6.393144525607877,-1.0562692053897416
4210,4.984725799429255,-6.604548985356615,-1.0083685597866228
4211,4.979718376323397,-6.673029619535721,-0.9248694984274499
4212,4.950207375597475,-6.714688714825785,-0.8206024467935271
4213,4.901778099958353,-6.70608303346253,-0.743798838351048
4214,4.825752432032144,-6.625685127465778,-0.6929886883464831
4215,4.73826406078079,-6.520344498640773,-0.6620690094039563
4216,4.685160056810247,-6.4799850598666575,-0.6617124521902537
4217,4.666746874815992,-6.493473939261279,-0.6710594592084289
4218,4.686696008074941,-6.55865229551219,-0.6739063673894325
4219,4.715678870557978,-6.635918114615865,-0.6812574650958247
4220,4.7289093899452865,-6.683833084638964,-0.6896019817856804
4221,4.705313547417882,-6.697984497764215,-0.6856545060302053
4222,4.647494722658559,-6.695757838009726,-0.6651288807456734
4223,4.553369685343475,-6.737628041521406,-0.6952345398894821
4224,4.4737133848696296,-6.837387983527476,-0.8484276232013268
4225,4.361150199222117,-6.973489105836877,-0.9605604379601036
4226,4.248975742781849,-7.13857462857896,-0.9618079079603942
4227,4.19178888349952,-7.2384980196193665,-0.9069714148609569
4228,4.1601866221948685,-7.272589855150499,-0.8220827301915108
4229,4.137758571308222,-7.254294085517818,-0.7441052363637809
4230,4.131179476912149,-7.227572189528034,-0.7098703010414072
4231,4.127449736445322,-7.1624181089095496,-0.6734735575180854
4232,4.114473979179708,-7.076375845737064,-0.6459541387927936
4233,4.1005530868112485,-7.022686276561949,-0.6392657295085764
4234,4.08295164316289,-7.019004038815277,-0.6474518178285603
4235,4.067910063279719,-6.924602423733738,-0.6356367646792599
4236,4.036140246617798,-6.778319650888285,-0.6077789847908299
4237,3.971719040859575,-6.569688697355979,-0.5863832574520276
4238,3.841127649212507,-6.211301364685603,-0.5497725902726542
4239,3.730568237151103,-5.955680989226555,-0.5001569229422492
4240,3.598821084450755,-5.657902636253261,-0.43048739362068933
4241,3.4410093037880882,-5.278825211880276,-0.35172301398753175
4242,3.3077185006769576,-5.011428640871508,-0.33662333358748747
4243,3.2163858620935892,-4.844597077009551,-0.31140181991641386
4244,3.1585334388522,-4.636499736340189,-0.24394959408198183
4245,3.1292789646476855,-4.461793327292062,-0.15602378313402432
4246,3.0774238580282027,-4.325463988147527,-0.08349565293474528
4247,2.9472516680981773,-4.193490468196873,-0.02407750035783657
4248,2.800367306532069,-4.063606209018228,0.005518119086376174
4249,2.6475729264613,-3.845589647610662,0.06471508759629543
4250,2.4812148949074264,-3.4919167227247767,0.11476525233499539
4251,2.36122371449937,-3.1754898838979257,0.10193212748856326
4252,2.2757795366948876,-2.8569518810781265,0.06329614249779565
4253,2.2323344301439447,-2.477709915471644,0.025880593565625727
4254,2.2281692615809563,-2.1432691821104153,-0.016443798576166353
4255,2.235564282080767,-1.75302278617015,-0.068550312129281
4256,2.251205650297398,-1.3099469368904808,-0.1186977870518838
4257,2.2780857864671025,-0.9248713075237199,-0.16305164747884737
4258,2.296224371556654,-0.5310217371274358,-0.18733790549524168
4259,2.3270649392207687,-0.16711016716753346,-0.20857667188760487
4260,2.361101198315265,0.05435712921968983,-0.25313766580219055
4261,2.3959574865835984,0.1679263347405485,-0.2909048760898834
4262,2.4467425972941603,0.25267884251544664,-0.3269381788495823
4263,2.4774653447224666,0.29461166772198144,-0.3335044718237787
4264,2.4754013525616783,0.3325559826777795,-0.299697063648395
4265,2.4131551888208183,0.37059874840569407,-0.2426298468075278
4266,2.3289293825638917,0.3968907608110832,-0.20126283339618853
4267,2.2357461373444583,0.3890004516942652,-0.16522466145873596
4268,2.1112929718696387,0.4447391700809347,-0.18709874215614924
4269,2.0208597813695754,0.5750241827256304,-0.22140221949303948
4270,1.9733265843701004,0.6216685650350289,-0.2626163940837639
4271,1.9741696835464309,0.5585779562197588,-0.2894151211406529
4272,1.9832909793129212,0.49276340335844104,-0.2727540755278656
4273,1.987497746858892,0.40508696101253927,-0.25038525969024816
4274,1.9710214018120327,0.2736766312997463,-0.2582756221679183
4275,1.965584586060264,0.23100040938224184,-0.27433646491633423
4276,1.9804410751943047,0.2143492488673054,-0.2749898952306707
4277,2.014908354956001,0.16733809804725977,-0.30841489285951135
4278,2.077304335707907,0.19553838790507827,-0.39419051493206425
4279,2.1887010271453016,0.2401785559839608,-0.43218960480253854
4280,2.2855133834891586,0.19130058909356407,-0.4547217048475685
4281,2.317745710737185,0.17014789375563097,-0.4650249383352968
4282,2.277769037308198,0.1946546788335233,-0.46785151603165215
4283,2.210366541548696,0.1523418309785768,-0.4569131816822821
4284,2.1537764441764287,0.11414173077825848,-0.4589430284959982
4285,2.1167391791059034,0.21168778298754692,-0.4377978036773585
4286,2.107952591588735,0.3374223856671928,-0.4409970802451755
4287,2.1167953145700484,0.45921009956073666,-0.4656842650237898
4288,2.1547841077742653,0.6026553010547289,-0.5157086231203951
4289,2.227934045030971,0.7582754001803612,-0.542760760863886
4290,2.324127293687695,0.8888540448831028,-0.5357548545097002
4291,2.4606656865020597,1.0936111476114336,-0.49586132098770236
4292,2.5991956822806377,1.325784928442797,-0.4713049770184264
4293,2.7220980094395726,1.5248690943100753,-0.45469251646147224
4294,2.8313111807316864,1.7555681986327645,-0.4327327382355935
4295,2.9197973457415003,2.024846286892352,-0.44600915836080957
4296,3.020887421210319,2.2568773951887158,-0.5144853789469559
4297,3.1550380990771156,2.475446686704292,-0.565995143083346
4298,3.2960982439574593,2.6680532908820207,-0.5599806813610962
4299,3.450039856459319,2.8617645343583664,-0.4955217858858182
4300,3.6085165115357247,3.0150676258819162,-0.3984467365777645
4301,3.799843298721571,3.1309518161280194,-0.32034886066770674
4302,3.980594453773635,3.233096757628088,-0.2966816685768994
4303,4.179588785891479,3.3693580924357596,-0.28820673796452223
4304,4.385888640777835,3.5171183575495646,-0.26541122207312234
4305,4.608396834142839,3.6521691774121203,-0.2632061382211244
4306,4.858076087980626,3.7416881747229955,-0.27465028008750836
4307,5.094591545335862,3.8320869738314416,-0.2391362851404037
4308,5.360752238897077,3.9337479901472934,-0.1682858668217555
4309,5.652676536511672,3.9581727065816357,-0.09083871316279049
4310,5.8860552328166085,3.9585159263750813,0.01017421278370438
4311,6.134663481417138,3.985136993353297,0.11720330966724271
4312,6.412958211544388,3.9709549869331413,0.22884511120524903
4313,6.60061330992729,3.9358700617806455,0.3126469687196383
4314,6.787939199696949,3.9254774176619653,0.3734604909035803
4315,7.0473123646926865,3.8308724973083508,0.36667784635456246
4316,7.27082252934843,3.5975106154018928,0.3905520251906486
4317,7.504257893254914,3.366020237255478,0.44946918273239156
4318,7.7090775702749355,3.199737654306917,0.4879967318015945
4319,7.888341886953177,3.0068014051877237,0.5153529196803259
4320,8.069956184732952,2.793066945292867,0.5550291678125905
4321,8.195227894324315,2.6420806702548534,0.5468140511890667
4322,8.283529248119159,2.5171054359701395,0.5430970943146444
4323,8.38531094157788,2.3853817085593105,0.5402247330071911
4324,8.45472320289578,2.3131745695080697,0.48293059914278746
4325,8.528441933462778,2.2638404027146874,0.4220572594436463
4326,8.646716911195234,2.1869643575159072,0.42220968471765735
4327,8.751303102663465,2.0479760316309044,0.44801568648215995
4328,8.837541893773432,1.8776866694884164,0.4651841137570979
4329,8.918913913465904,1.7914465633729124,0.48959451579589264
4330,8.979306356474146,1.8295530578096968,0.5366461408222528
4331,9.01259574157104,1.8553926601858295,0.604004184752736
4332,9.03824843289902,1.8696070046223894,0.7145089065532245
4333,9.106501835808745,1.876389363971015,0.8300346177316471
4334,9.177130258727466,1.8299748208406914,0.9327977471101079
4335,9.228579876499225,1.753111791830031,1.0538885707914634
4336,9.248835774685151,1.7413078697543325,1.131818173620889
4337,9.205336607772347,1.7388047189719495,1.2148880133905613
4338,9.093967007376667,1.6969568918991382,1.322254924466992
4339,8.995463780438532,1.6582172193087887,1.4232365305545658
4340,8.91530925185415,1.6824584696500284,1.535846459028726
4341,8.832834147651402,1.7595767616912634,1.6756806081407936
4342,8.76675073807872,1.783358147350878,1.7629532405331587
4343,8.74984320122873,1.7743794002808841,1.836514068806573
4344,8.779161231445135,1.7969824165975465,1.9211992439095282
4345,8.807376972076405,1.8186785153088252,2.0226358391534345
4346,8.854637142340968,1.8896851447031588,2.1442749356344906
4347,8.953420309415836,1.9877852016370918,2.288549180852436
4348,9.032371861162,2.0823660750032813,2.413437576747888
4349,9.078631400585973,2.2603510014813297,2.565224096569512
4350,9.130022061406269,2.4222779394798595,2.6868765274949333
4351,9.216671861755554,2.513807119548989,2.7498878711775268
4352,9.335235894080322,2.620711634518868,2.8290657621658646
4353,9.491025804666226,2.8195829972596558,2.9928810492924915
4354,9.610188714202618,2.9041377224853004,3.101242613204602
4355,9.689451968423626,2.968973129502034,3.2125325786935157
4356,9.761954088993964,3.05527554357639,3.3109912195809255
4357,9.825173879759983,3.0590676100256093,3.3940247740695915
4358,9.89070666201288,3.052176320068417,3.49117437008398
4359,9.967871251003618,3.0769581302306404,3.6085638958438624
4360,10.023334433134721,3.0837909362180547,3.681626895440397
4361,10.075510684042182,3.107238927668065,3.7165555633702176
4362,10.140322875484959,3.1333844388628265,3.7634726405831698
4363,10.189395522028633,3.0992394305171134,3.8074457673950124
4364,10.21675065183455,3.098981588781739,3.8476154574564916
4365,10.24168360613299,3.189081832324233,3.902949801677959
4366,10.252778484779302,3.2075792020504377,3.958531262199133
4367,10.24485027830684,3.214789453844584,4.0566013662438
4368,10.25963690418414,3.256903123476852,4.146845587739515
4369,10.274405083288524,3.2315479996546816,4.16080347866443
4370,10.286359282686012,3.1052850508091137,4.130410647499222
4371,10.320892145833948,3.0344866107385045,4.141464752388528
4372,10.357633739344175,2.9273534856173598,4.1574848335472145
4373,10.345638975965796,2.756982787803218,4.145795460411992
4374,10.305844263098953,2.6293027310982833,4.14440041321429
4375,10.269063210027042,2.5431840546115487,4.15372051496687
4376,10.203867102871648,2.358874644233098,4.1056847349916
4377,10.10323123193664,2.2206596210381857,4.058597078351207
4378,9.996194567988057,2.1307224687968085,3.998681368485664
4379,9.86953461117246,1.9666596975922073,3.88556858073244
4380,9.790676121509595,1.8512369282964243,3.805073964941803
4381,9.787090243070615,1.7113052659447185,3.7405399161013264
4382,9.805939796416448,1.4379052035599043,3.6511199387126654
4383,9.819243681830171,1.160816700305722,3.5527538533440506
4384,9.8466780512463,0.8767491150363758,3.464721893258324
4385,9.845929285677018,0.566710137749373,3.395688134039501
4386,9.80244969286955,0.21485236166128863,3.3189522102337787
4387,9.781959021780557,-0.10588995524934497,3.2151878074918825
4388,9.810211929035987,-0.4971611913447509,3.0517776348555534
4389,9.822596332668887,-0.9444252417129368,2.9522635191765088
4390,9.793008650056091,-1.4107407490534964,2.9044450433475983
4391,9.683955567583379,-1.9536784123813846,2.8413998409102232
4392,9.501377040426743,-2.4507699614465333,2.77952354702206
4393,9.245633243726912,-2.863216282643934,2.777784628290525
4394,9.015076827938579,-3.2044210676823957,2.794167859550673
4395,8.759627955815567,-3.5707127009689734,2.8162000687350646
4396,8.498428230822272,-3.821223224625913,2.80614499048247
4397,8.292458034522877,-4.029128891554906,2.7736688102102267
4398,8.077242348208722,-4.293928688927448,2.729674376113755
4399,7.865716701564389,-4.500055616267204,2.7009929959063155
4400,7.688112988115628,-4.655990266326903,2.676796430918771
4401,7.558993300798404,-4.868395306969364,2.676537095067381
4402,7.426564361114735,-5.150552956080322,2.722732788414359
4403,7.254278823036032,-5.459433806082843,2.8090616867469143
4404,7.023492073454854,-5.8156606469937335,2.8913338906629296
4405,6.676916259090811,-6.108675758107253,2.9334289882296836
4406,6.350897804321732,-6.183510002949814,2.9242009008230907
4407,6.02528919318773,-6.313600877028993,2.9321111779033595
4408,5.64074121969072,-6.607164542165617,3.0278130758358848
4409,5.2833344540172895,-6.940017005228148,3.1061593221237587
4410,4.935693230626009,-7.268193738940427,3.113840786008398
4411,4.559811320047672,-7.566410935132206,3.107625903716272
4412,4.298052876022562,-7.804792249942739,3.1378702519759063
4413,4.093914089015656,-8.051256287958841,3.186450267129343
4414,3.8913977235306763,-8.364291978275864,3.2488720741788173
4415,3.732717629763038,-8.663656538500966,3.2652275578711367
4416,3.6019074677646126,-8.917879052965919,3.255650804999342
4417,3.5087808421997106,-9.092887941563177,3.263084378420622
4418,3.443335403743442,-9.232962995777545,3.3120276979607377
4419,3.3646471446365527,-9.425243812913482,3.3405485691604313
4420,3.260645153765659,-9.707761942423243,3.3281552247112045
4421,3.16285480237726,-9.989757354017781,3.2882470911824044
4422,3.0356033641254374,-10.253378987723444,3.2373228961200686
4423,2.9190695056930736,-10.436123401809528,3.1895176873106856
4424,2.836936916369712,-10.536403650614611,3.1368463667230317
4425,2.810830060588913,-10.60674302602472,3.1034080142024245
4426,2.8273016571804543,-10.695475452025427,3.1046938077569726
4427,2.856457542121896,-10.718884345780184,3.1091200197325124
4428,2.8566959603490596,-10.683016772705495,3.111147321721406
4429,2.801506664355677,-10.651889603578645,3.119782458514696
4430,2.71505012721111,-10.626154692576304,3.1208501073126773
4431,2.6218423933710167,-10.525162409567153,3.093080743339731
4432,2.53576642479136,-10.365756794436464,3.0770755193305397
4433,2.4561204214489067,-10.17964768927228,3.047639618720992
4434,2.3859455167776695,-9.972986184649532,2.9900606157441296
4435,2.338252783751055,-9.73935603879078,2.9045408791780214
4436,2.325598997963692,-9.523218966290846,2.834952089964709
4437,2.320029360345437,-9.316004367413374,2.7846493765713185
4438,2.3001344307493614,-9.059496715699414,2.743118499612367
4439,2.254728524197482,-8.806839815203439,2.6818189996510986
4440,2.1785392274779825,-8.49926676864748,2.622997972849663
4441,2.0946062249060113,-8.208014598909818,2.5803143909806225
4442,2.0056707627402037,-7.936843831125515,2.5141024044877724
4443,1.8839586870318257,-7.620257545739781,2.3648910891949924
4444,1.7454844123196094,-7.353613155422617,2.2153047548508678
4445,1.6114487879672357,-7.126391179692243,2.0969886737683403
4446,1.4797011640251587,-6.8750076404180955,2.023201889537138
4447,1.3703092643955896,-6.654073758664642,1.986839699046003
4448,1.2761068527890955,-6.451571669030954,1.951276207977013
4449,1.189185229033868,-6.233798482987285,1.8966203656867746
4450,1.138335863860996,-6.048106052316886,1.8446560589787997
4451,1.0931677201332497,-5.837109749632594,1.7994440527496012
4452,1.0806216573395515,-5.592350266993876,1.7267096101985926
4453,1.0918944269341615,-5.389192473874204,1.6662815162910956
4454,1.1346361525767121,-5.189476747112529,1.5995545543759322
4455,1.2044009038355257,-4.942072252234777,1.5269322326995465
4456,1.2701051522502622,-4.708471681785923,1.4729059981067658
4457,1.3316376019833336,-4.456281319863006,1.4238732339687232
4458,1.3826402437086993,-4.158958885719809,1.375598513123224
4459,1.4119757593938485,-3.9446025295601364,1.3811430408596852
4460,1.4158717524942908,-3.7108290685436907,1.412277142303936
4461,1.4099943588596129,-3.3303879681116033,1.4296563852515374
4462,1.443116196798114,-2.9590888378156217,1.4105358662554286
4463,1.5534732906660649,-2.554018508528702,1.3878229655697143
4464,1.8236436779547311,-1.994183363892706,1.442165308992911
4465,2.133349318988303,-1.5777965252168438,1.53379495327346
4466,2.4479607155218357,-1.273961423849948,1.6248433927294152
4467,2.7768606342818325,-0.9328830975699819,1.7121901999156213
4468,3.040274347005136,-0.6138931803478064,1.784710307675448
4469,3.2430745400452765,-0.36271116069233295,1.8151981262646921
4470,3.386110740839218,-0.003875634956406566,1.8410697925583688
4471,3.417831546938035,0.3440410256372949,1.8665778167936478
4472,3.3556993815233302,0.6694406252904038,1.8734312597976575
4473,3.2557671313413925,0.9455571822950117,1.8613159956183836
4474,3.1420251300939936,1.2705245674101329,1.8598507026454731
4475,3.0171051732377787,1.555708024579592,1.8942496433196785
4476,2.8716435762032715,1.747922142874766,1.9052195970476804
4477,2.736162184357739,1.8934615886846302,1.881882315186929
4478,2.607233512352092,1.9982811425421723,1.81789691204029
4479,2.5173068216863155,2.033526656528815,1.7642098920084701
4480,2.451791800867646,2.0904278981366256,1.7406298686065826
4481,2.4073082859589787,2.1995612337462855,1.726062661473044
4482,2.397374122012139,2.261820998196166,1.7069022605373942
4483,2.4006780394143377,2.306472625745151,1.6978711742590906
4484,2.3958697606289303,2.2958445562542735,1.7143369025859632
4485,2.3612847591485933,2.3381702995134335,1.718311336351743
4486,2.290081700367892,2.4506636567966833,1.7252087788017945
4487,2.1750641647716953,2.597563649870338,1.749164486863584
4488,2.054776393956251,2.7149704077795196,1.7883029773807624
4489,1.9103448140710635,2.849528899264298,1.815131104852675
4490,1.7248680154760474,3.0318407857253797,1.837038924724192
4491,1.5519411897251254,3.26933958807384,1.8329783883367217
4492,1.3913963186989633,3.533433538864493,1.7985185646411028
4493,1.2045202190244342,3.828169059761521,1.724850192903107
4494,1.0676284888324723,4.118327944721029,1.6620075370741745
4495,0.9663967277972063,4.42066633977589,1.6268675815592883
4496,0.8787583050584225,4.745882589324561,1.6194911003381094
4497,0.8177389967483738,5.014088860087609,1.6135135271779268
4498,0.7711614295320308,5.2088869717777895,1.5840529713532678
4499,0.7389450285227293,5.3922387629861745,1.5461217461330032
4500,0.7269781637492169,5.579258822459575,1.5490662059379996
4501,0.7251810236114895,5.711139220635918,1.5724462605324172
4502,0.7351166008282795,5.737846281034207,1.550535554346669
4503,0.7630185635022444,5.669379116073008,1.477177949616807
4504,0.8214388247892734,5.558899570731989,1.4143756168652133
4505,0.8985723100194074,5.4922356485448995,1.369544067701069
4506,0.9323513302214763,5.497247698055574,1.3586935563753828
4507,0.9192739727550027,5.4815100105582335,1.3580971971098974
4508,0.8748755560165393,5.418130939767043,1.3749316073848612
4509,0.8234588532062038,5.43910144844355,1.3686420534106802
4510,0.7875126353571249,5.493296424879787,1.3594109377251666
4511,0.7778652601025035,5.543459606408019,1.3187451582615946
4512,0.807610786855519,5.549011084046219,1.2700579813849533
4513,0.8796802205000779,5.464065565733188,1.2193945385701692
4514,0.9562990403117502,5.36415275277721,1.1767920843738353
4515,1.0089177496763906,5.304288363919339,1.124299863396317
4516,1.0377802538956475,5.274735176008389,1.072295868503067
4517,1.0642090094337089,5.2802066288598635,1.0106185734760853
4518,1.091082063525272,5.2780636396022835,0.962693698105181
4519,1.1365974787365345,5.210463477620069,0.9379312745251116
4520,1.1742254343496903,5.145067777097244,0.937752195505479
4521,1.202583748449528,5.099397823111119,0.9283422226818306
4522,1.2382177827563259,5.029146245535514,0.8511367003013675
4523,1.3146768299911082,4.9265419834716795,0.780262709826306
4524,1.4121549456211988,4.792185621611281,0.7434411071985991
4525,1.515336091998043,4.664642223969536,0.6836965896451139
4526,1.5936998925259038,4.550837384947651,0.6343803300558172
4527,1.6370437370984694,4.409543286370413,0.6109683095597309
4528,1.6719676432594734,4.18780386263906,0.6032004102376203
4529,1.7133497280866121,3.9433530216802697,0.5839844737069224
4530,1.77125759902559,3.7818372841855172,0.5907658909563421
4531,1.8534335091668785,3.687173471619018,0.6012671465661972
4532,1.92086435211012,3.602751006894849,0.5966733108092881
4533,1.9796833490393402,3.5044871257216994,0.5654956321468793
4534,2.0315180490581968,3.4029417400496573,0.5217418145017305
4535,2.058815629883585,3.294186415792107,0.4990216708139157
4536,2.0588717659567664,3.1402688985753735,0.4984916908309023
4537,2.0272291288432136,2.964633576255436,0.4727101283366594
4538,1.9872181352355107,2.8166692575828414,0.44796526047692964
4539,1.9416631176763661,2.6509076317565388,0.4623923806971611
4540,1.8608903883076795,2.4368129968485395,0.4761575595471468
4541,1.7904509592949398,2.2543087963116526,0.43960244101480517
4542,1.741782246442787,2.099949871193072,0.36097479856514253
4543,1.7376644006556092,1.9054842330355086,0.2727255007915685
4544,1.7725091278452054,1.670282181964905,0.2588523729377934
4545,1.813127506143759,1.3213330446275289,0.2618442358735148
4546,1.8169995935176217,0.9986943706155108,0.2508180962420215
4547,1.8151804104137446,0.7276547860495053,0.2518430781694996
4548,1.8144297279103614,0.4521883450334785,0.2684822191525015
4549,1.808614873363967,0.2628320786479343,0.27435354038900484
4550,1.7928488827624038,0.1672945289115237,0.2951903928433841
4551,1.780444866171705,0.08474977970133481,0.30479977517131357
4552,1.7641016759069017,0.009851482181413705,0.27958167659477406
4553,1.7716315528913644,-0.09170374593611202,0.23294535908027386
4554,1.8100874234324462,-0.20267102628299105,0.19714261522226695
4555,1.865186375440348,-0.35186476709112363,0.20846353354094926
4556,1.88222787912781,-0.5312274426543191,0.23702538319235447
4557,1.8567728403484056,-0.737542632122822,0.2522572117426134
4558,1.8056573934757445,-0.9155121787960306,0.2695465547084
4559,1.754903964547514,-1.0081158949375433,0.3363546083363341
4560,1.674930992857347,-1.1029606905912779,0.4313638722967853
4561,1.5375486655935953,-1.2597407661498428,0.5165776045967717
4562,1.3879217895997498,-1.375665142794912,0.5336571860529706
4563,1.2223444251945927,-1.5140463564334876,0.5590151167424267
4564,0.9963479606350503,-1.712842587923837,0.5775566254634882
4565,0.7510065554478591,-1.9036594601901264,0.5812997291554374
4566,0.4212447070683607,-2.063692211115449,0.6165904622973739
4567,0.07692847283638292,-2.2183811190868523,0.6722767269664336
4568,-0.29301052199400135,-2.3364230147207747,0.7613806521471704
4569,-0.7349179917367796,-2.4195890658318957,0.8926868214766728
4570,-1.1167651055860024,-2.4989355160700706,1.0012829856802583
4571,-1.4598281300156164,-2.566355530349756,1.0453869294516118
4572,-1.808106843425688,-2.6622362004629636,1.071329180684522
4573,-2.0746598764552364,-2.8013505379320502,1.0792704575077137
4574,-2.3008229973171694,-2.992882497428675,1.0803287070561303
4575,-2.5074127034559295,-3.1872483206405664,1.0944041944442577
4576,-2.6375564813608374,-3.329524582499361,1.1196833026933024
4577,-2.7037254910089428,-3.4706403002437987,1.1357843682777422
4578,-2.7032612528548885,-3.6054335272713347,1.1667632595892639
4579,-2.668671109824015,-3.6927079841398864,1.2179612699704077
4580,-2.6521463659679405,-3.7290113682621797,1.281348290063571
4581,-2.6909378121221987,-3.7865764722394326,1.3263980857047435
4582,-2.757295585787313,-3.9119717010743096,1.3238123185204285
4583,-2.850491153386127,-4.115356361409871,1.3318791138549793
4584,-2.990668287479576,-4.31807829954309,1.3573240004602123
4585,-3.143168329888532,-4.432864302932478,1.3974495573421857
4586,-3.339582740357166,-4.552962102204748,1.4293808305587163
4587,-3.584326608788416,-4.731057593267998,1.458084450656086
4588,-3.837967142484487,-4.910558834057386,1.4791996800973641
4589,-4.135357025293558,-5.0674361701288575,1.4964387218592063
4590,-4.483064843570134,-5.229188166425886,1.4919681503193503
4591,-4.774423193466788,-5.4046642586675215,1.4769352651197218
4592,-5.005518344801551,-5.572235196512373,1.495945025916549
4593,-5.2175778267362425,-5.709115760659639,1.5430724853302358
4594,-5.357703388443366,-5.78851559715754,1.5558919312083133
4595,-5.4840854396799426,-5.8151317299239835,1.5862231630942827
4596,-5.61803070619073,-5.838947085442278,1.637946498442814
4597,-5.80113575481129,-5.8995283172704855,1.6492372525881385
4598,-5.984617965536597,-5.997166137696334,1.6143682589884625
4599,-6.2144335083294635,-6.111207644419346,1.5785334365855221
4600,-6.431802856521796,-6.224978502698271,1.5464942058908662
4601,-6.654750379774852,-6.32072721131286,1.464830347875144
4602,-6.919310278238469,-6.361703251889557,1.3235293985152439
4603,-7.179759246284329,-6.391437391336749,1.190746465079076
4604,-7.48609333445691,-6.388823115198617,1.0213316466954179
4605,-7.749511833772352,-6.332841626248982,0.9108030442065327
4606,-7.970016674475539,-6.32546548789928,0.8552041846132057
4607,-8.14189829780523,-6.343241100612307,0.8149736239493722
4608,-8.283027274122102,-6.2086384230543725,0.7961282785364783
4609,-8.439431138914701,-5.998636774746607,0.8148982784262132
4610,-8.644587223104544,-5.776934917360805,0.7924020368737914
4611,-8.855679608430012,-5.625748405803182,0.703653388246307
4612,-9.072728361650952,-5.475184350235761,0.5965920422315466
4613,-9.370914344904666,-4.954734245136979,0.44482457412471366
4614,-9.736134056672164,-4.098556520923261,0.29958868775778885
4615,-10.188318308553665,-3.3219611537800056,0.2758184291811589
4616,-10.729209847535053,-2.729561201297705,0.24553803992716328
4617,-11.163027313946456,-2.3774252615511484,0.18261756449822708
4618,-11.56865731437949,-2.144933627352507,0.13829820186214326
4619,-11.969433472317453,-1.8669104621486488,0.08020637661976265
4620,-12.279960099978474,-1.6075571212827422,-0.0066262872472179985
4621,-12.540225652659014,-1.3684034975727548,-0.16975301010991062
4622,-12.73174879383322,-1.2309325108803715,-0.3350025777463622
4623,-12.893987535444847,-1.0705569616717578,-0.4237070435883116
4624,-13.090447329525261,-0.7983052750700957,-0.4528904671253523
4625,-13.252160001968711,-0.5261328284444289,-0.41926269825854834
4626,-13.466956552461196,-0.28065681772322193,-0.37385698871507655
4627,-13.7374279937348,-0.13110454534985916,-0.4056233176173779
4628,-13.98309291067936,-0.086893551934275,-0.5089926262756446
4629,-14.142581584603796,0.046912539965373,-0.5934087472389323
4630,-14.21020176048279,0.1972148257953653,-0.6357711273048366
4631,-14.112631815613108,0.27206601402051916,-0.6862123403780125
4632,-13.94411646336426,0.393777235132584,-0.7403474050766534
4633,-13.722783095433897,0.5192073563530948,-0.7876969971011153
4634,-13.477595441833955,0.46199068020258555,-0.7986789806274994
4635,-13.20246238803996,0.2831978615000138,-0.8087380882168903
4636,-12.92412499583283,0.17796667265021485,-0.8047263126346402
4637,-12.60399343653257,0.06661035834102645,-0.7484632171544272
4638,-12.330767628662144,-0.017197105397886134,-0.6898776439476063
4639,-12.047174159705571,-0.02133101730047676,-0.7042507096246649
4640,-11.766895573846245,-0.040789068692398456,-0.7862779186004852
4641,-11.497393956868873,-0.08150954867953453,-0.8417357454617234
4642,-11.254438085706905,-0.07577619859623083,-0.8897101930642248
4643,-11.117973279942959,-0.046624411374376375,-0.8730594194154658
4644,-11.110051393736585,-0.03323579672257594,-0.8390135949529192
4645,-11.226539197564813,-0.007332353039566908,-0.8380132390586833
4646,-11.388025618154375,-0.0035038528077086816,-0.8384778519978796
4647,-11.51813826363836,0.031999709259047965,-0.8246261752066468
4648,-11.707259143217962,0.10688408126409876,-0.8162438790335075
4649,-11.83669459776721,0.15282640087645682,-0.7900949270725867
4650,-11.941526413232326,0.23891947999833937,-0.7505013882610703
4651,-12.071794833806075,0.36292097556277275,-0.7135325096815794
4652,-12.135684088441106,0.4557200330294249,-0.7082727304905176
4653,-12.133841629947938,0.5606514029532924,-0.6884471995854798
4654,-12.11470926091483,0.7413403596014381,-0.6524362016619569
4655,-12.134557098074573,0.9231314292065328,-0.6214671639312417
4656,-12.154899274190543,1.0619713305785177,-0.5774159128965122
4657,-12.196195592361219,1.2667426806365103,-0.5247063300007528
4658,-12.229151617620484,1.4904934738106754,-0.492333581694811
4659,-12.226855801638958,1.6508897269737457,-0.4694361198954826
4660,-12.198935469088614,1.779462916580998,-0.44268955307151725
4661,-12.242380947718571,2.0013982954423404,-0.441891674930558
4662,-12.34064586998095,2.2403838734588692,-0.43583068254528073
4663,-12.48108755293035,2.4629333215161697,-0.43827893180027844
4664,-12.611641602974561,2.613826747916031,-0.4465072018738438
4665,-12.732319119261135,2.708675078712993,-0.44219014885675456
4666,-12.858310565882034,2.7960041639356508,-0.43534392485246487
4667,-12.986983737306947,2.9399051273795065,-0.44582287562614387
4668,-13.140414738117517,3.1402652700079052,-0.5160124598122273
4669,-13.419733977992463,3.343081099031569,-0.6375955348379847
4670,-13.751077383878592,3.4478040680352136,-0.7800706641196141
4671,-14.139065716172436,3.541744139310664,-0.9372062072668368
4672,-14.508663300466196,3.7001708986644113,-1.0487360403926402
4673,-14.775404859224013,3.7861616828268083,-1.1200871297835735
4674,-14.940564343765523,3.849453241108475,-1.1854779329055076
4675,-15.085487520983063,4.016917694799318,-1.2542228801450641
4676,-15.14465526911304,4.131241802894541,-1.2675253497664332
4677,-15.14675556934158,4.186816465397471,-1.3021105203195695
4678,-15.14224760787544,4.290383365066054,-1.414056583409013
4679,-15.15606519279363,4.395096892054528,-1.5419134647344477
4680,-15.21082897164932,4.496615572109989,-1.6898460315481134
4681,-15.361723659287332,4.688403142346069,-1.8386837950768233
4682,-15.579521975015313,4.866997241268454,-1.9505589454289625
4683,-15.877813130017014,5.144831279876387,-2.0468765412941523
4684,-16.40723198554779,5.666776478924595,-2.229929217196342
4685,-17.01753027857299,6.1059180468315635,-2.4691897393390034
4686,-17.750715119247552,6.67567563808058,-2.6663334839558708
4687,-18.355150661446167,7.097792091580234,-2.7398033055853386
4688,-18.82943250472149,7.378931541706384,-2.7947689145584063
4689,-19.31782350994085,7.6842103570812075,-2.9082287443852715
4690,-19.745813569911768,7.880973760541659,-2.9876068769767645
4691,-20.14050743238682,8.00715439357603,-3.0637643707146753
4692,-20.527009149040655,8.097517535343872,-3.1538505031740516
4693,-20.80951350503873,8.132712392821846,-3.2068933941636777
4694,-21.140910822267447,8.294779047424111,-3.2789645249317556
4695,-21.474737693718364,8.455017995347767,-3.2859876477920014
4696,-21.707935123159995,8.656504728957824,-3.3051760659818465
4697,-21.907993720346198,8.914339689023354,-3.360132162205363
4698,-22.037628168443085,9.072448175507594,-3.435583160177792
4699,-22.049344138160777,9.235026961258187,-3.5190397583544297
4700,-22.07535870982902,9.56990356980982,-3.561582157993727
4701,-22.089696478656467,9.841078272517297,-3.5891534049336142
4702,-22.121892622953403,10.163624630718422,-3.6393133236258493
4703,-22.247935026382905,10.541424616239944,-3.681942363942325
4704,-22.46379804721,10.8822645251803,-3.780557031538064
4705,-22.684426664416442,11.24919682117857,-3.889972333189667
4706,-22.907566995085464,11.543019732156385,-3.9665827526116733
4707,-23.12553961168871,11.746258385697423,-4.066418562251083
4708,-23.34433771987024,11.874614918022276,-4.177521356215292
4709,-23.526818040956208,11.876165316271093,-4.236249515635427
4710,-23.676532456297117,11.905240137619682,-4.3228201968883475
4711,-23.816853353357857,11.996226714325863,-4.324877381197566
4712,-23.909764953864222,12.00318150946459,-4.264784000990318
4713,-23.94841049933218,11.973027188086535,-4.205413940896764
4714,-23.98554342936734,11.86997909065935,-4.155836129058605
4715,-24.02529051296898,11.684916675061821,-4.109238976833161
4716,-24.09083260355838,11.597551946194708,-4.125693936681095
4717,-24.14626124830224,11.469042555568848,-4.175069680631318
4718,-24.143336322971592,11.215160527973769,-4.27068435055171
4719,-24.095827003203517,11.054096089166068,-4.339156167266691
4720,-24.051523748013707,11.00078814334845,-4.342008159411073
4721,-24.014249685169933,10.965984334711003,-4.312806631347502
4722,-23.979403305906168,10.932009411109508,-4.2834698642048155
4723,-23.969088376587763,10.893284358442973,-4.2545784187997295
4724,-23.950131795678963,10.804860987599794,-4.2264064929045215
4725,-23.925326990912378,10.785352848029424,-4.210965649122823
4726,-23.916676861475693,10.799226990631142,-4.204210110277964
4727,-23.88114727090773,10.708822978289923,-4.1839627038064515
4728,-23.781355047878577,10.63096980608034,-4.184645301380728
4729,-23.67094848898166,10.647055287842608,-4.178346962036837
4730,-23.51947179404761,10.631812450943546,-4.092951758111896
4731,-23.336890602448808,10.611369326096739,-3.9910727559771884
4732,-23.14568730957737,10.65568236620401,-3.924305842233522
4733,-22.90382076847984,10.656204003500282,-3.831402850489706
4734,-22.658886073000353,10.66208408625202,-3.751870062639791
4735,-22.429970626250764,10.746552619152972,-3.716946134200924
4736,-22.180349073784875,10.74695562107543,-3.6572351769880074
4737,-21.909079776374526,10.753288386454448,-3.661571955447718
4738,-21.606669414520596,10.78199165975542,-3.7012623550928865
4739,-21.24944777536813,10.72366111432585,-3.66478942756612
4740,-20.92870182374483,10.691124785667206,-3.6114697065240042
4741,-20.674621627720214,10.737385067986235,-3.601690609849891
4742,-20.419519231175787,10.73551536965754,-3.569067465789947
4743,-20.209342973445555,10.668643113303608,-3.5119286970484493
4744,-20.030968322908002,10.619687585343488,-3.4967665722155887
4745,-19.766863470364882,10.492532231954756,-3.45802880812283
4746,-19.465535199129413,10.38496185505401,-3.4000436068418747
4747,-19.144087809674474,10.380375544815767,-3.3803304705991137
4748,-18.717772541540306,10.287575201497699,-3.3914498784067484
4749,-18.3134545215017,10.122310305475786,-3.3958071476003973
4750,-17.92155662895033,10.057693441393518,-3.4164588961018376
4751,-17.522018625691256,10.050622468856552,-3.4389916287212907
4752,-17.17936043131391,9.981476895529187,-3.42322332625279
4753,-16.836282394981833,9.895977596273125,-3.398897619857418
4754,-16.548964255882897,9.819464801404203,-3.4189745332897443
4755,-16.275093735374373,9.719215806104312,-3.4005706029053173
4756,-16.064249568490965,9.635502861215667,-3.3598141323894817
4757,-15.868399345334115,9.561716169365901,-3.3875284641995522
4758,-15.666415550459789,9.4405952650834,-3.50290177290532
4759,-15.413631811033275,9.247842991676748,-3.6038587621114506
4760,-15.222183760586145,9.132251694320251,-3.66581396426297
4761,-15.02054043220853,9.002750253713595,-3.717597134830749
4762,-14.743732260915191,8.804792895852774,-3.7210596044100983
4763,-14.480201131538715,8.679201600609325,-3.6983629476976274
4764,-14.203315166318792,8.564507587701899,-3.6899349441339364
4765,-13.886409190052449,8.405253085175856,-3.662072697758304
4766,-13.524782186968576,8.194001986892873,-3.5906035355169026
4767,-13.139820506833344,7.96072957359485,-3.558279941891967
4768,-12.73840998992391,7.744447515335388,-3.5335474674721943
4769,-12.437227990718752,7.58279327691485,-3.5653409270002987
4770,-12.185221573038366,7.45952709790757,-3.6473165759589334
4771,-11.924520444762997,7.358477997171498,-3.7053873512148505
4772,-11.692684033689432,7.255096744832352,-3.7120053595847993
4773,-11.50899939630245,7.165724801098637,-3.6731749862798084
4774,-11.332457408952667,7.1348886889451375,-3.609631109991116
4775,-11.21774696514467,7.0838998008612295,-3.575997602763562
4776,-11.107717258928067,6.953137478302193,-3.5123165226695616
4777,-11.019049271831758,6.846443984200186,-3.4341133928541954
4778,-10.95758058503677,6.745913982057185,-3.48064426075311
4779,-10.856216439266419,6.57012412545214,-3.5774923591152383
4780,-10.726336022100385,6.374004899439834,-3.602022726892515
4781,-10.605859144250282,6.246163787137691,-3.583196215563645
4782,-10.474292510437351,6.122527494248676,-3.5372701238606448
4783,-10.279939806393395,5.938895663009818,-3.429935036024868
4784,-10.132238427166229,5.834938564526734,-3.3591223641792314
4785,-9.995644733294082,5.730812409720037,-3.3583112814273193
4786,-9.864250563158453,5.577942292804122,-3.33226442606379
4787,-9.804981215139373,5.434758019331236,-3.2744177657787965
4788,-9.763788863461908,5.2457459601178655,-3.2481884167960864
4789,-9.68102945032578,4.907130190425454,-3.2312007154429336
4790,-9.552786584313552,4.6159667402644295,-3.195356809231867
4791,-9.421418881375924,4.355687711066742,-3.14189751000651
4792,-9.294902359697886,4.021001754207139,-3.0726476478335853
4793,-9.20965076104667,3.7860178207989588,-2.984794767698751
4794,-9.16868039232019,3.6958669907570574,-2.91384036981436
4795,-9.11857381749328,3.5855582127329066,-2.8779420766548567
4796,-8.987157449062552,3.455142688587915,-2.836596238631715
4797,-8.786270730127711,3.3427807817123045,-2.7833342985365093
4798,-8.62532980754221,3.1888579283669425,-2.755008332426919
4799,-8.458765853945437,2.997868241056969,-2.7382859405107736
4800,-8.260037524425353,2.909654425707551,-2.7271713320527864
4801,-8.112892810136803,2.8350524091829423,-2.7231432389753922
4802,-8.048214762138935,2.7206357593353006,-2.7085213379438713
4803,-7.992012947852605,2.6068882865817544,-2.683759438444743
4804,-7.929266988520214,2.525648577905858,-2.620398879515442
4805,-7.921554102116278,2.4467151440236012,-2.5890449566647002
4806,-7.9051442887815275,2.404994754030402,-2.5652678523495505
4807,-7.824997821165797,2.4375442599159163,-2.497687558713115
4808,-7.742289860549979,2.490362918704317,-2.4041995744379534
4809,-7.671621314067748,2.5567238181736327,-2.3652298229653304
4810,-7.589590224117874,2.6351407560296676,-2.3837517513765754
4811,-7.484987688604891,2.748358536712332,-2.3985386437152614
4812,-7.382149063771653,2.882984266345945,-2.4416886979784262
4813,-7.293434054247925,2.9698888091748445,-2.460723529508841
4814,-7.180671083944528,3.0190394131433744,-2.4331103888885828
4815,-7.046803192601752,3.0901551732596753,-2.3674827120301822
4816,-6.937470177755893,3.2661036164452675,-2.3309618072362697
4817,-6.825663014812599,3.469886411991033,-2.309458680753916
4818,-6.6989928383063315,3.63041920961881,-2.2715510208006395
4819,-6.613974722967643,3.706648022509792,-2.248221152299487
4820,-6.526502771764612,3.7755100084838613,-2.2501585938822606
4821,-6.404551461056437,3.8858418287065613,-2.2560089118664237
4822,-6.245212248680492,3.9095661742881624,-2.2316062375073367
4823,-6.071523546084572,3.9022505553823583,-2.158664340096614
4824,-5.913117427931871,3.997918942427091,-2.0677549260087527
4825,-5.850089624959939,4.096152701698275,-2.0192016495145735
4826,-5.865179442399212,4.1191023237077315,-1.9837150603222962
4827,-5.917984298525809,4.091178149144774,-1.9443744394456282
4828,-5.941649105382606,4.112860760772459,-1.9129983497213507
4829,-5.940014542460836,4.153370891819069,-1.8622951878474365
4830,-5.931591985037781,4.199874073450159,-1.831959242256496
4831,-5.907845847687752,4.245094624109214,-1.8286186304110457
4832,-5.848782515253892,4.2962821350981715,-1.8583972948960072
4833,-5.773121933287358,4.334167317749392,-1.88231482853432
4834,-5.70257964342402,4.37845737944007,-1.899252292647628
4835,-5.6382649830688845,4.409243182496294,-1.924395618311955
4836,-5.558704104925876,4.442837690839163,-1.9333327315047784
4837,-5.480150791873744,4.568911527286104,-1.8963244973560527
4838,-5.4096336885375385,4.720349904115037,-1.8456164557847807
4839,-5.346884707814912,4.849347889104038,-1.8032640390682806
4840,-5.309140825849799,5.006008841745168,-1.794860875474731
4841,-5.289014332186851,5.201130375202048,-1.8147461960785818
4842,-5.260822444502314,5.391898531424761,-1.8689673222316274
4843,-5.205826218342815,5.553438363247484,-1.905018877570898
4844,-5.112777957748245,5.723540805419708,-1.9165748171727839
4845,-4.99909919550549,5.970017195900662,-1.8509521955619372
4846,-4.9324183394655154,6.285763788085267,-1.7640341950200973
4847,-4.921882525899329,6.604716277450915,-1.676723352950654
4848,-4.965001810400585,6.9203621224796485,-1.5937237358718708
4849,-5.013868745771175,7.186286383616425,-1.5317349935433755
4850,-5.055174173428716,7.514247126049209,-1.444928522819304
4851,-5.066724970905128,7.784458611632575,-1.379046290656241
4852,-5.050073303714092,8.006024037143522,-1.3205856745602071
4853,-5.028994322539013,8.295229009316351,-1.2482653492887459
4854,-5.003242165773379,8.489779116808764,-1.2125666304581963
4855,-4.955719934817408,8.667839857473993,-1.1854770791295584
4856,-4.9070762630686735,8.909298185760967,-1.1344937540850442
4857,-4.8828139534163775,9.120411081433868,-1.0802222176939653
4858,-4.8888066393123735,9.311002670027001,-1.0211873305638413
4859,-4.923242104899485,9.54790847533923,-0.940913612548734
4860,-4.951223072498813,9.784224729823393,-0.8739375255975509
4861,-4.96585046829781,10.039405301326209,-0.8055371307822327
4862,-4.923989573578547,10.332634860551313,-0.7412360233466011
4863,-4.837641753508806,10.559579572316714,-0.7150767727412258
4864,-4.748934805823918,10.66601762408418,-0.6827477269731503
4865,-4.67240035597842,10.68392857079456,-0.6494395095691209
4866,-4.600276437589319,10.809554015779172,-0.6256767481922103
4867,-4.512307472519927,10.964568730239968,-0.5777647327866611
4868,-4.4000760317250815,11.073738107387635,-0.5043332100315103
4869,-4.355442249149789,11.12629796744639,-0.44843670360519416
4870,-4.3966951339876905,11.127636753493888,-0.4268455688260176
4871,-4.461782228144513,11.128964439912167,-0.4169437957090305
4872,-4.483124608210785,11.052927256273826,-0.41308689999998754
4873,-4.454351016154082,10.935402419776146,-0.40563081481709734
4874,-4.421027488961529,10.926197125163501,-0.37581930737046576
4875,-4.393499945425179,10.836709136139552,-0.35495638813983765
4876,-4.3520736578686,10.666838142828853,-0.34976069533214255
4877,-4.288268123677347,10.667126733188583,-0.32304457087429767
4878,-4.247161626895112,10.718506617279454,-0.3012037606681659
4879,-4.208113168202676,10.704275086510489,-0.2905652609467211
4880,-4.1853155191365845,10.643779189889113,-0.2759522581982147
4881,-4.161623355147723,10.534773745726849,-0.26024114247443314
4882,-4.130259955226727,10.346711164960688,-0.2726291310926839
4883,-4.07863872370277,10.03039489212025,-0.3324822112997574
4884,-4.01128658497925,9.788007667400766,-0.34762564759852
4885,-3.9459535031452617,9.556091430886656,-0.3259986276463093
4886,-3.9063655962628,9.267676407531699,-0.3113961903465178
4887,-3.8852663456859378,9.009407745753396,-0.31192246175031046
4888,-3.8649491496361836,8.777331123869052,-0.30705613880217536
4889,-3.847686320475869,8.447629534928584,-0.2868447822560606
4890,-3.8619139926013943,8.104505460433634,-0.26311104918269
4891,-3.9034930826640513,7.772219972959084,-0.22143048740443713
4892,-3.9533552735849535,7.491114902427669,-0.17601285171052197
4893,-4.032503032409868,7.154774638260754,-0.14620710723591657
4894,-4.124849974577064,6.679129607419838,-0.13988586063475622
4895,-4.182286305636229,6.204152232993039,-0.138837906860451
4896,-4.18466024254089,5.715533117988659,-0.13806003903902764
4897,-4.138555287348895,5.056199137015856,-0.16536468033463475
4898,-4.050173533514135,4.429300567689216,-0.2126332839258286
4899,-3.9089226413596188,3.848695083952806,-0.23754298345768168
4900,-3.721568452115509,3.171454916873495,-0.22889463007599373
4901,-3.568863198786013,2.594731080812705,-0.21414030111071208
4902,-3.426920582944535,2.0932325673442547,-0.20428299092373364
4903,-3.2656945707819744,1.5215877309715151,-0.2376078435734038
4904,-3.117903290633531,1.0128909932297692,-0.2555802054460139
4905,-2.9753354083831542,0.5870706689374434,-0.2632655555299328
4906,-2.83434847219477,0.09188111073837125,-0.2733540115879764
4907,-2.7428918233274904,-0.43913358588786733,-0.26946272480975786
4908,-2.6591600973436913,-1.0354300629903954,-0.23092981297491938
4909,-2.5436339274849136,-1.7148328355870504,-0.19288847464979844
4910,-2.4079683344775646,-2.2670681202000575,-0.149250916961153
4911,-2.254859509759644,-2.694638654807563,-0.0957419351401497
4912,-2.0891858442521105,-2.9828673412273474,-0.05561457769932232
4913,-1.9720494305983582,-3.1306702953701877,-0.06496871839641224
4914,-1.9017088061717766,-3.238224777240971,-0.08315467041974797
4915,-1.8546421951974807,-3.363184170835849,-0.08412712525844444
4916,-1.8280933447582657,-3.471382662458725,-0.07437584308457987
4917,-1.8139716120505047,-3.598089577206262,-0.07236392551716787
4918,-1.8017401751858608,-3.731066845010237,-0.08037254231318831
4919,-1.7997205681778958,-3.7992834365717245,-0.04737992433382498
4920,-1.8110485125011775,-3.837380725452829,-0.012113747189012002
4921,-1.844905260419051,-3.8811824773010737,0.005138732182491355
4922,-1.8610958525887524,-3.898825415156404,-0.022194022361418677
4923,-1.8378184931522523,-3.842538728907488,-0.05362783644893969
4924,-1.780874958205983,-3.756527412999156,-0.053829477103849145
4925,-1.7405575359295422,-3.6126132392719894,-0.03474072282906798
4926,-1.7526277934121475,-3.4045596643774148,0.0012343415631484661
4927,-1.8140638193528278,-3.2598525591417618,0.03300071215361558
4928,-1.906121096342182,-3.1101915143613024,0.07466796706937714
4929,-1.9814984565384504,-2.926360886687593,0.09682627434547758
4930,-2.0462076114666536,-2.699542877491404,0.15431941083766526
4931,-2.1010583881974774,-2.4901621294824925,0.1966629145021407
4932,-2.1592133210100095,-2.1876397070261353,0.22502415403009252
4933,-2.191368422184947,-1.8778474998206836,0.22926599492615296
4934,-2.19974498602674,-1.5684480316823584,0.23543232163346678
4935,-2.1987266502874308,-1.235513420886043,0.24619291098450635
4936,-2.205058858708745,-0.9353250573138054,0.2665696061308394
4937,-2.204066989880288,-0.5989752826679348,0.27437744605074366
4938,-2.2107622645544978,-0.18086775543630856,0.2708322577592171
4939,-2.1999050681488286,0.19228010757505665,0.27707622450633
4940,-2.191681329372922,0.5612317006458616,0.30100560514390895
4941,-2.196682508309781,0.9380477265974307,0.31735619731920395
4942,-2.20694163790733,1.3103108569146942,0.27704252712823163
4943,-2.189444235077448,1.7240311543222289,0.21041950225493902
4944,-2.1305781718389984,2.170023011968932,0.17406355310304414
4945,-2.068609773815188,2.5350640701499163,0.1561118952410471
4946,-2.0094777817845104,2.8820205615154695,0.15413184744254926
4947,-1.9742297609287704,3.2040381470919477,0.16486348853132698
4948,-1.9716026923329102,3.4444235971788495,0.17853347162117417
4949,-1.9887484691264028,3.7524772891043865,0.1731282174070867
4950,-2.013652532732385,4.097440629704274,0.17837450964278143
4951,-2.034191633939897,4.363312825433053,0.1754857131928827
4952,-2.059174263355785,4.657705084623257,0.14876561335155666
4953,-2.055650749127212,4.986804328252991,0.11236273333024374
4954,-2.0244255572783794,5.284313313453073,0.08675367980071941
4955,-1.9779032255191826,5.572001260633259,0.06874283808364187
4956,-1.936215373847045,5.864696204029013,0.06612822303202327
4957,-1.9271140409343857,6.105839072127846,0.05592767249899318
4958,-1.926683737855961,6.363814139600276,0.038271593736966626
4959,-1.925119406872937,6.679509112887963,0.035664859416191894
4960,-1.9300836871298852,6.956029623795331,0.051711228033476955
4961,-1.9540924914705187,7.274775533437112,0.0800457337745289
4962,-1.975761648425723,7.594519010906483,0.09045730980233077
4963,-1.9916115912406547,8.037872696572014,0.06676432440964175
4964,-1.9889510263715515,8.428849802507012,0.058720909667948476
4965,-1.9787476053524893,8.755161169671396,0.07824028935419428
4966,-1.9747439474942097,8.981275942795744,0.10010455832492851
4967,-1.9813200183330295,9.262306334754555,0.12534248045802152
4968,-1.983080494790339,9.568494039243303,0.16034657244271378
4969,-1.9884140042126537,9.841690406627649,0.18827186714925767
4970,-1.9971425352802108,10.227841711350678,0.23628110602732522
4971,-2.0266921066843158,10.519987016293843,0.279303613194504
4972,-2.0599210998160324,10.71971306159394,0.2900061459384636
4973,-2.0850779205461922,10.90064284985959,0.2890929016352736
4974,-2.0929306986948233,11.058375051733838,0.2923088801497965
4975,-2.087804655702735,11.152685937884371,0.3062574602484347
4976,-2.0835951171226457,11.120554336233685,0.3231970761895869
4977,-2.090695525384815,10.974899978385231,0.36019108773041464
4978,-2.1130841840943893,10.829785777796618,0.36988760832981615
4979,-2.1276723611588566,10.62921536312807,0.3546017252363844
4980,-2.124533684351784,10.433672391967502,0.3515776056655712
4981,-2.116619437678581,10.379519240056094,0.4114044323334138
4982,-2.1288655065754862,10.493206689342731,0.5059393716795874
4983,-2.151390982138738,10.60089488285049,0.48905060863048233
4984,-2.1576018101639214,10.670580290717323,0.4001894219659282
4985,-2.141624265148732,10.766658326042274,0.3604455122732064
4986,-2.102628473650916,10.906221694269256,0.3660521903637417
4987,-2.097815978175291,10.994317244472358,0.37579828319474
4988,-2.1466192542435376,11.02913679716249,0.3955481484115062
4989,-2.2148819246057263,10.980019878329152,0.4341888224871517
4990,-2.265068335184562,10.889768642590203,0.4540203298076242
4991,-2.273301892330624,10.850403666125517,0.5192184331669822
4992,-2.2844867234795,10.839020219872785,0.5846968410823986
4993,-2.328860633950986,10.793973450739395,0.6101428171778123
4994,-2.3811586344415785,10.706357366977926,0.6039088822708933
4995,-2.385484693708886,10.577105219481762,0.5961554437397004
4996,-2.3619297833791935,10.381302710288352,0.6000154610585909
4997,-2.3228483763310175,10.141625268097744,0.6116562376649473
4998,-2.3042449127589224,10.002684838465967,0.6075635136700679
4999,-2.2985841954790613,9.861519553764955,0.6109746595011304
5000,-2.3064134919061425,9.614726158691866,0.6281050404885242
5001,-2.306794700799542,9.322315339511155,0.6797293170135115
5002,-2.3093216504574086,9.045998712749855,0.7342930827978882
5003,-2.320891745913443,8.742222342540874,0.7629074662081814
5004,-2.3316736467954358,8.43340964669585,0.7373316631596192
5005,-2.295025463183629,8.054338437059522,0.7172876195652501
5006,-2.2326839103532334,7.770575662922067,0.7174396446328704
5007,-2.156029359779401,7.456194792301062,0.7341459135678085
5008,-2.1043229962739254,7.1620202471589405,0.7555630386083013
5009,-2.08344933408849,6.9229209028800325,0.7866925857821201
5010,-2.0832913846810586,6.6747552626145765,0.8047789797956584
5011,-2.097709683646225,6.316230117273407,0.8130082904058396
5012,-2.129306692903961,6.023354099501553,0.8406383795383778
5013,-2.1759168688753516,5.7762305483817205,0.8400404178297946
5014,-2.2188600720610285,5.456245789394475,0.8082243832937661
5015,-2.242510213995125,5.160226224417441,0.7940541955763749
5016,-2.265596392744624,4.913016391512089,0.8199275387362223
5017,-2.303230205547715,4.664186751796771,0.8462380139964364
5018,-2.3441072533923,4.446779168890005,0.8714582203266338
5019,-2.3788007315046364,4.250017522937583,0.9164448870985988
5020,-2.4035389688808033,4.065303951702967,0.9807510104543271
5021,-2.430036778798031,3.901345974857097,1.0225759184194647
5022,-2.4491455366681167,3.7481067863117374,1.057943467908101
5023,-2.47836543313426,3.593823217086794,1.1026505792276406
5024,-2.515509531593083,3.455183029720353,1.1319278832352269
5025,-2.555158986503934,3.28735638459158,1.1240190793541747
5026,-2.5905390564708557,3.0240818412530412,1.1114347598035539
5027,-2.616395972691923,2.76793914055031,1.1146847646763902
5028,-2.661670398460861,2.516857199266298,1.1502784580695853
5029,-2.750013556774943,2.2253099504161624,1.2029076497002773
5030,-2.8742607882359845,2.0319917900174502,1.2641177607199252
5031,-3.0258568992284793,1.914623070334152,1.3328646914664015
5032,-3.217681560771677,1.8060458394645122,1.4058602720366908
5033,-3.4268860052061636,1.710607628056659,1.4728246763887451
5034,-3.6651595414478564,1.6016415958067278,1.5130349523708109
5035,-3.942952496963184,1.4691679393360815,1.5619662176063875
5036,-4.197711986278188,1.3913796701582661,1.64945613820974
5037,-4.455616718400466,1.338513582560354,1.7408602801409745
5038,-4.692370408488581,1.2986590128549795,1.8368382884645085
5039,-4.842639358137985,1.295273048729919,1.884979370642259
5040,-4.988314618036763,1.3420289007446036,1.8953032028410604
5041,-5.110958163928233,1.3687939912292346,1.890123557600912
5042,-5.210754560393507,1.3873445334675005,1.9096325514853965
5043,-5.31837739361602,1.4578500485936818,1.9579145179839528
5044,-5.441110017206535,1.5436165250706346,2.0138737975616534
5045,-5.521394320439184,1.6050796539364265,2.0497514683484885
5046,-5.580978729916133,1.6983094791093678,2.0588173374447463
5047,-5.637016356063597,1.773222207426306,2.058518300796353
5048,-5.6663836656517335,1.8419875967250072,2.057946267807278
5049,-5.737354891433731,2.0075440215074285,2.0786693026022443
5050,-5.8661015054184995,2.1623127819866874,2.0882804197695806
5051,-6.028738304084655,2.2620542937398445,2.1052373853552924
5052,-6.244085258313957,2.389200159349836,2.1485419175317286
5053,-6.443209218895595,2.5706982693327713,2.177524947152433
5054,-6.650745721961038,2.766576079853209,2.1715099147756822
5055,-6.8758469095916555,2.9904072660072982,2.1158557392348065
5056,-7.040107136805197,3.2317424481819383,2.063787407650198
5057,-7.187822350088546,3.471360037273336,2.0279881315447406
5058,-7.325822423173664,3.6999279980891995,1.999393620603862
5059,-7.427568006267049,3.9004460901250297,1.945465835754352
5060,-7.514541225735889,4.1100377352823445,1.878082392494218
5061,-7.6111432714727645,4.342490397740433,1.8154359028665596
5062,-7.683975251002103,4.508375972718966,1.7375036782050328
5063,-7.76075728576867,4.659211988252794,1.636524854765309
5064,-7.909715430010643,4.8710270856094,1.526826258334724
5065,-8.038917091615012,5.044712799973288,1.4590541266904533
5066,-8.139145709213023,5.20914182528113,1.3664511576028961
5067,-8.222879285991738,5.382610252487229,1.2526250382895665
5068,-8.26742784913197,5.473455871450116,1.156316041416742
5069,-8.269599013148712,5.490745866086647,1.0726616047753295
5070,-8.282885546545705,5.521274791157886,0.9910996006663367
5071,-8.29360000678824,5.57171396346785,0.8982865092955834
5072,-8.272080953296832,5.612388547542688,0.7892089768452437
5073,-8.223075655525301,5.6714738555270525,0.668732072283428
5074,-8.156830920161829,5.793137488384341,0.5707909496654368
5075,-8.093517967418776,5.944268077313929,0.4746914167749685
5076,-8.048258304948549,6.089180532327346,0.3448945591469898
5077,-8.017987514459513,6.159160180787996,0.19558619922855594
5078,-7.9813005629064495,6.2084552871198095,0.041393473723872136
5079,-7.9573519681531995,6.279485939475314,-0.0884299309280241
5080,-7.966831288248719,6.351035690423888,-0.188647194042685
5081,-7.964066806714963,6.4334047319699845,-0.29488879730733986
5082,-7.897419282087274,6.556375269870693,-0.3806470771029617
5083,-7.791369702874931,6.685423677860825,-0.41184751416878945
5084,-7.671327619920864,6.812321412568151,-0.4318284051947035
5085,-7.575808144469594,6.897538124175487,-0.4760568142583903
5086,-7.479911109271996,6.99442583034812,-0.589836985243062
5087,-7.371475098951629,7.060344898366919,-0.7109927999260901
5088,-7.208427856351829,7.074078421900298,-0.8159733395133829
5089,-7.038577622083851,7.072669745077308,-0.8785285332292989
5090,-6.8505225439811,7.085374279924114,-0.9037169364916472
5091,-6.697789033808927,7.061119704243912,-0.8952960604224428
5092,-6.563950106091598,7.002685303685897,-0.8680031585142967
5093,-6.461581819449477,6.988513826717,-0.8577660924831668
5094,-6.416284967577121,6.990782321719943,-0.8416978592567357
5095,-6.419991229077978,6.981866291115599,-0.8230891158620335
5096,-6.468085919913317,6.977544453816051,-0.8118034023655215
5097,-6.54246552659665,6.9938102545494285,-0.7989526684378976
5098,-6.615530667431473,6.993276214796195,-0.7810995680697213
5099,-6.721786619683508,6.95519295505025,-0.7196762647484568
5100,-6.852644615614453,6.915548080675322,-0.6514576169953759
5101,-7.081257664045298,6.897620083554279,-0.5562229034348208
5102,-7.444712781115676,6.880729250979716,-0.4561118084055107
5103,-7.821107143059505,6.8531875701169165,-0.38981692609217977
5104,-8.231043989685055,6.841337695281333,-0.29778605145229575
5105,-8.749646990444344,6.886796215786234,-0.17266572556176119
5106,-9.21916699939925,6.898850327979689,-0.07823345249501953
5107,-9.671038509970325,6.9049163779940415,-0.05489934884815262
5108,-10.168327732312793,6.9169683446713295,-0.06524177254669189
5109,-10.543570827541275,6.87325568266648,-0.0523310210006737
5110,-10.845075456468749,6.843985580836789,-0.016775281191964017
5111,-11.098094715611756,6.847817290264257,0.04676749849927069
5112,-11.236162618789246,6.852049480602831,0.09985262173186572
5113,-11.3052329075756,6.85368660486634,0.17026419373277332
5114,-11.333900298134067,6.888063653058296,0.26663022405882
5115,-11.342330295071708,6.913442657763292,0.3234370399414607
5116,-11.327172507158078,6.936935284222079,0.3499007675688935
5117,-11.298738198698148,6.966832922650476,0.33278927632314154
5118,-11.245588801093868,6.957185592533713,0.2876447948311036
5119,-11.15996053410055,6.915232608750749,0.24133557933994937
5120,-11.035587001680089,6.913484066121455,0.1862072557404013
5121,-10.919332922582173,6.919987739695006,0.1277752684061244
5122,-10.796098333456378,6.916565787127526,0.05416460660038222
5123,-10.653244828497686,6.91925647662763,-0.035552464786412316
5124,-10.52046581802267,6.899517955419434,-0.13377280139804684
5125,-10.32848140141587,6.839229802508024,-0.25546390546887165
5126,-10.106878582577432,6.786541674492525,-0.3584988016670553
5127,-9.86798329185731,6.757177482368188,-0.48989493739319073
5128,-9.54557299218714,6.6700709954585164,-0.7201419449046949
5129,-9.229411512587177,6.490683865813134,-0.9398377510487828
5130,-8.898585359819583,6.305278223928241,-1.1588016161200478
5131,-8.544039740474048,6.181823786302915,-1.3778162196301165
5132,-8.222804153300636,6.029860761307136,-1.562877526025125
5133,-7.951417865638215,5.841264804077251,-1.6956773215362908
5134,-7.671628144164188,5.655125714914504,-1.858621196424101
5135,-7.437256877090261,5.545802705523592,-1.99734893449629
5136,-7.199884562132801,5.445810883137051,-2.13419154549877
5137,-6.9088435823264644,5.300244432198811,-2.2718577381465606
5138,-6.659660898784801,5.163348500001093,-2.3734034026763164
5139,-6.416594463037629,5.0095695336570145,-2.5064635128953263
5140,-6.122121948472838,4.802402813820624,-2.6386819654005307
5141,-5.8612316466573695,4.661082113453253,-2.7070178466532204
5142,-5.617047150961754,4.556959152922951,-2.7452078914698603
5143,-5.364919968801807,4.449224823363446,-2.75716837386096
5144,-5.1894938227241445,4.382757685596068,-2.745047382462113
5145,-5.048883586290595,4.3612812545412565,-2.730782571284263
5146,-4.925500305534687,4.347041902016192,-2.722901621692455
5147,-4.847445715917087,4.327772928090172,-2.767935497392601
5148,-4.777493388435019,4.2670422846603415,-2.866244855808853
5149,-4.7011872092295,4.161768250720632,-2.921978731458486
5150,-4.64743623868878,4.06605357105283,-2.923961188458424
5151,-4.602425403310963,3.9987462558097975,-2.896503262549396
5152,-4.550812709592813,3.926878044704619,-2.8226398523424208
5153,-4.533617995587625,3.8589438167484595,-2.7070248902665925
5154,-4.538307812317459,3.7866987108120735,-2.6166168860204047
5155,-4.5559989997303285,3.7779351196007953,-2.5377975467564133
5156,-4.567591205564905,3.7928766208610947,-2.473826357923161
5157,-4.55428887722717,3.8088301726066316,-2.446306106707934
5158,-4.4993165569239295,3.7829638476617626,-2.4397455144591067
5159,-4.397236419130495,3.7377373908139613,-2.4333586255924247
5160,-4.259482107565033,3.687645602035376,-2.4058375347111585
5161,-4.092666174704533,3.5982235067177317,-2.3148508869543294
5162,-3.959535724154529,3.5252760175530935,-2.2092641093345833
5163,-3.8423380721674256,3.4883109719492973,-2.126404724194749
5164,-3.737655896641858,3.464301406322325,-2.0860162254043915
5165,-3.66806666432517,3.4386485265226323,-2.039381923223649
5166,-3.6084926059388263,3.4174331654783057,-1.9637490208196922
5167,-3.536538655284117,3.421144255690428,-1.9159729051285583
5168,-3.4628048048746187,3.421182674982899,-1.9074391058140394
5169,-3.3754140284655456,3.3886376423751314,-1.8879109029937178
5170,-3.31904484442176,3.309990936593321,-1.8397367142662429
5171,-3.2901056003005937,3.217554362259367,-1.7569019025361163
5172,-3.2831089443512003,3.120828332562082,-1.645669116320336
5173,-3.3005349147451133,3.0196936225133433,-1.5316057532090572
5174,-3.3411001054317317,2.9189214175817364,-1.417477751800864
5175,-3.397285468675895,2.8395142664977273,-1.3313038129624895
5176,-3.472112217964941,2.7760537426933585,-1.2206970321009667
5177,-3.5303131682775284,2.7665878193361935,-1.116547714064207
5178,-3.5798852926378206,2.790136556894729,-1.018438819794102
5179,-3.625912955907275,2.782421155232007,-0.9054145586402162
5180,-3.6017589115553146,2.744553501400271,-0.7621080139220855
5181,-3.4670241427272,2.676036352756795,-0.5591160754745914
5182,-3.235860599295501,2.6148918391904656,-0.2765227657483946
5183,-3.02881777815862,2.5948057849925084,-0.01647554494810997
5184,-2.8266310198103195,2.5456450237347883,0.23170002351406704
5185,-2.662368143070335,2.4910946086619843,0.405672996570679
5186,-2.497356295441808,2.460138067760387,0.6082582186035003
5187,-2.3342021179852055,2.453431980259686,0.8138350634482088
5188,-2.2375051569848656,2.4233543199905703,0.9310089846261598
5189,-2.18438457280532,2.3845650851538016,1.0050068261046008
5190,-2.1803056803345164,2.3031864955958534,1.0530265819247264
5191,-2.218175774349809,2.1968910489281916,1.103997410787592
5192,-2.258424043684104,2.107712489236707,1.170319857456401
5193,-2.2963682320237035,2.057650005945772,1.2569919718587135
5194,-2.3296130473638947,2.012474780241619,1.338777943690948
5195,-2.369184064823734,1.9563025977359412,1.4310244470669018
5196,-2.425819316174474,1.9111390352666895,1.5287023140841813
5197,-2.4844065055362035,1.9345116731823695,1.6020662564966495
5198,-2.5398088185383276,1.9975650340801026,1.6410878603261074
5199,-2.5953044300812746,2.058111047459355,1.631337418819624
5200,-2.60857623576325,2.106397482231652,1.6132979499201818
5201,-2.5789821944702465,2.138289720318576,1.5866328688279319
5202,-2.5444112862697725,2.144924876101555,1.5072847713525723
5203,-2.562738768263388,2.103469718704897,1.3607269194901452
5204,-2.6086957650445486,2.0679708828277,1.2029137328539157
5205,-2.6618624970073665,2.079763965238426,1.0194139591913955
5206,-2.714712674097748,2.13077817677089,0.9140463167969023
5207,-2.7656873040699965,2.2139878724960784,0.8975940988787914
5208,-2.7904708369655107,2.305187927293045,0.9133716221830056
5209,-2.778790051395686,2.3597224483497428,0.8818984844825435
5210,-2.7242418292185757,2.386527670677496,0.8163079120560223
5211,-2.648972257651179,2.388999952147963,0.7903213371680281
5212,-2.5835242578809576,2.365210060950713,0.7770439298670482
5213,-2.556885098665702,2.3335277548994187,0.7702688091981759
5214,-2.5802920931145854,2.294091104386643,0.7931385233544146
5215,-2.6345894125886424,2.2466073958431356,0.8356256077316663
5216,-2.6917104835477397,2.1925680247632218,0.8716337241691761
5217,-2.722533646254482,2.1981875007919247,0.9068852904456746
5218,-2.73853609550689,2.2366093095115547,0.937199056912656
5219,-2.7239016013484307,2.2514100208424437,0.9569324336261247
5220,-2.704283644007957,2.2261596755391126,0.9536234204659733
5221,-2.6703097104257076,2.183148821171606,0.9457477855834816
5222,-2.6248054067294513,2.122436067732494,0.9420520129673411
5223,-2.564488359136396,2.074978134893266,0.9804325528890208
5224,-2.4956186573672494,2.066877853956919,1.0318676687972104
5225,-2.4245130318859895,2.0668138218028016,1.061574897186267
5226,-2.3756140300609374,2.0682726877141064,1.0886006839114928
5227,-2.355952316940426,2.0704531960023127,1.1224390688091659
5228,-2.360163330522659,2.072405322940834,1.173245198155438
5229,-2.341350609342336,2.06334963165744,1.1860965909166654
5230,-2.2831945405900056,2.0097489098571097,1.1773824672400957
5231,-2.2276776087884667,1.892578148813534,1.2092801232109882
5232,-2.211413265184323,1.7890705177954673,1.253982961570532
5233,-2.2292385162002395,1.7118314025193149,1.292156346527195
5234,-2.2977688438705592,1.6366187134659669,1.3547772006192065
5235,-2.3805595004193103,1.571870925385633,1.4116908116707845
5236,-2.457501183112623,1.5258487968972545,1.4344662126917946
5237,-2.502859065027877,1.505848983687502,1.4405355662686403
5238,-2.496375525640482,1.5106550212988852,1.4418846316721836
5239,-2.4525068343463055,1.5128506247847509,1.4382060512280153
5240,-2.3878876330828414,1.4903647677845164,1.4193234619351385
5241,-2.328490097199059,1.462589346516574,1.3891878257426367
5242,-2.2777933697907553,1.4400215959353229,1.3552978944016516
5243,-2.2475257480164994,1.427928880631974,1.3215667810518916
5244,-2.2367280116428363,1.4401421911339627,1.2991801335230835
5245,-2.2305008170936116,1.4717664205334695,1.2760482624145777
5246,-2.2246857806480564,1.5314234967168483,1.2866304951396237
5247,-2.224738287584101,1.5797318113514733,1.3126363165415598
5248,-2.2410801109353358,1.6059209388487063,1.3157918553321588
5249,-2.244097605539808,1.6231759773457461,1.257700068445416
5250,-2.2061604371515404,1.6094107291102253,1.195669550646473
5251,-2.1383985036672435,1.565582579465771,1.172906784549344
5252,-2.06927486888756,1.5251360045683038,1.1730748707775362
5253,-2.041833100677062,1.5066616760777642,1.1822175876556427
5254,-2.0443009266711702,1.4847757672953494,1.1943280551862046
5255,-2.0657297584713112,1.4523233734107144,1.2309416906727797
5256,-2.0927210978363022,1.4206745204828353,1.2594986444477825
5257,-2.1379590248814044,1.390216726902004,1.3008607823621785
5258,-2.170935728383143,1.3528858837074438,1.3368705014983164
5259,-2.1986265456004186,1.3217202299201523,1.3496668456750827
5260,-2.2014706713028493,1.2768604043595477,1.3457832533932272
5261,-2.169863593418918,1.2483591239509846,1.3510440855321137
5262,-2.137648892450213,1.2550952121547998,1.3802026066515798
5263,-2.1193798937918675,1.2455486917244358,1.4127335922708069
5264,-2.131988815498839,1.2099428631964328,1.4426609232428955
5265,-2.162355233547018,1.173334203815319,1.4558525736027375
5266,-2.189906979131698,1.1388171774414073,1.4905804517636763
5267,-2.21383114555634,1.082628446822047,1.5480072035949415
5268,-2.2387883752755235,0.9966808467611845,1.5888793667944112
5269,-2.2532219586058444,0.8939562952228486,1.5615982421684145
5270,-2.2256535304367855,0.7981815165778101,1.5172226116664185
5271,-2.1618649500485465,0.7073834832079768,1.5170290190201068
5272,-2.093902077011653,0.6078940509011775,1.5195025012491963
5273,-2.066699012875561,0.5172358916588733,1.5215730034162829
5274,-2.0614988692113325,0.3454480445853513,1.5208481515674683
5275,-2.0775302867675802,0.024852171530714125,1.5413399604852085
5276,-2.087431153271771,-0.3346361754554479,1.5514196393421238
5277,-2.084678137789275,-0.7317378806247573,1.5719534210392156
5278,-2.05541852332877,-1.1697485258508085,1.6221013994208766
5279,-2.0016734158323626,-1.482314986330701,1.6448378577392262
5280,-1.9283934241943457,-1.7854797217783989,1.639162061950567
5281,-1.8182376938827363,-2.093691047516095,1.593802772527789
5282,-1.6808292459393823,-2.3549773493273074,1.556767478444275
5283,-1.4984822120313566,-2.6058639245680446,1.5378268883217845
5284,-1.3451494601562572,-2.762569501033087,1.544718138472427
5285,-1.2251159629703279,-2.8427593141792067,1.5575359835205993
5286,-1.085549459451341,-2.916958732020662,1.5538296354028855
5287,-0.9152058481129394,-2.9266676007058146,1.5586223066940337
5288,-0.7046892824680386,-2.9250710656631576,1.6012179233690702
5289,-0.5287393965629893,-3.0266049763141822,1.6577157353809944
5290,-0.4139896588957407,-3.3204089806842765,1.6668832116273173
5291,-0.3300582945933155,-3.7448314955324267,1.6668816108060962
5292,-0.2200334202552965,-4.224915093193869,1.7121460172499248
5293,-0.04606337871049665,-4.654189216191897,1.904341915371845
5294,0.06233165176627444,-5.031047621549346,2.0590305691447783
5295,0.11975742685279793,-5.448958762322264,2.1497062607986708
5296,0.09660291915881848,-5.774378698302162,2.1706087591497414
5297,0.0027441831212581575,-6.039929395695437,2.1768203723724158
5298,-0.24504477221039164,-6.270155513505963,2.2080041563123354
5299,-0.5498567936972611,-6.398729958166873,2.2066641622290444
5300,-0.8032734033537814,-6.505005476727756,2.1454495242684004
5301,-1.035431543053392,-6.575476475912604,2.0295650471687225
5302,-1.1850028065897464,-6.593489965494693,1.938325067158763
5303,-1.2971455997306593,-6.61522329906336,1.9001334402739753
5304,-1.4004170329141372,-6.526274004773796,1.9546509708604338
5305,-1.4725620361496117,-6.3239799741586715,2.054852380427934
5306,-1.4865634281074405,-6.067780998909033,2.141220962497294
5307,-1.4863836015481282,-5.731184798107366,2.17430067977075
5308,-1.4921363438942146,-5.488581021327666,2.2151920570369183
5309,-1.516889110449739,-5.404327442228433,2.195862460959032
5310,-1.5503331440277899,-5.3476680514977115,2.170992956242752
5311,-1.5710893565490553,-5.3355482092642585,2.155501916009708
5312,-1.5930666521214067,-5.312208886366575,2.2111859485709573
5313,-1.6402155453064553,-5.168951861952286,2.3015109235564895
5314,-1.6977454870513693,-4.9207094081273075,2.2985171744306134
5315,-1.806768129999373,-4.6900172145339,2.3138639973269925
5316,-1.9143027059278264,-4.463267379464656,2.252625471998904
5317,-1.978716015813731,-4.165247406587021,2.1936797945850692
5318,-2.056212530654326,-3.982834232164975,2.2119630939129875
5319,-2.159825268241233,-3.842497321447825,2.1245943021153484
5320,-2.2196658187422047,-3.6767083929445277,1.9909657847647697
5321,-2.2581813565540374,-3.5454177968290788,1.9724267094011363
5322,-2.233257431235967,-3.377692911909785,1.9953364772929976
5323,-2.187805207590097,-3.221181143468569,1.9805823751139067
5324,-2.14516891021742,-3.1005174967604705,1.9170435120201228
5325,-2.0940388938653314,-3.0101554242842417,1.8372493793540305
5326,-2.041448476698391,-2.929955011498194,1.7511602840403628
5327,-2.0102331600556145,-2.9431228129430527,1.6865278315760897
5328,-1.9997104659613325,-3.159819406647883,1.5998694909792142
5329,-2.001443536658025,-3.386088349805042,1.554225894165334
5330,-2.0083610428428837,-3.65219317576863,1.5299393220022623
5331,-1.9642770812443069,-3.9868584396107316,1.4316474866860682
5332,-1.8759885621943209,-4.205777651424145,1.3066461502544402
5333,-1.7816386607925925,-4.530103834717426,1.2080898562682731
5334,-1.657287938797257,-4.946658761514343,1.1513014951007812
5335,-1.5074158616580162,-5.0902063217371705,1.0771353888847182
5336,-1.3095481895015126,-5.1666846476202135,1.0272198192514548
5337,-1.174858560926669,-5.248477204195554,0.9984064088654895
5338,-1.1199387870171051,-5.2144476446999475,0.9326300873128235
5339,-1.1255619769919039,-5.166285932089023,0.8343404116089442
5340,-1.184201751305357,-5.177893505974051,0.825303377780592
5341,-1.2296884667885615,-5.186234515357287,0.8387629056697743
5342,-1.2048164875522254,-5.210913419986102,0.7791354084649347
5343,-1.1508825669831824,-5.476391595976884,0.717236873394907
5344,-1.1281484912301747,-5.896748834589987,0.6941750601711243
5345,-1.105651137456504,-6.297881068976979,0.6754344087500419
5346,-1.0409815136115297,-6.61064796693491,0.6375592494585597
5347,-0.8683598224497034,-6.855422756024171,0.5774830408484484
5348,-0.47336700042595603,-6.964221257800956,0.5478482912243834
5349,0.0112358711256017,-7.074742200299414,0.5620076466887991
5350,0.5743818148463571,-7.1793067425765535,0.5921248851375124
5351,1.2191569767009907,-7.340611784739583,0.6931829752089631
5352,1.6378273966978925,-7.524356741905384,0.8293247583162195
5353,1.9238175470984,-7.745753799623872,0.9709096685023383
5354,2.033697727232547,-8.05730690331015,1.02997484751771
5355,1.9422266098028749,-8.339126934081778,1.027287694439421
5356,1.7392549766206757,-8.465255234005022,0.9861333061618005
5357,1.5350984486329158,-8.4146681688146,0.8877594270333142
5358,1.3943062915142796,-8.360030052769869,0.8676669317852423
5359,1.2387882118124223,-8.3349563969422,0.9223271739902078
5360,1.0565841498748916,-8.313430007669075,0.9859189022580804
5361,0.8874653553774154,-8.325862178472523,1.0570954549465024
5362,0.7464380127348436,-8.265207273441614,1.1454486475246446
5363,0.6290369877703736,-8.16788501866386,1.195461656202829
5364,0.5824477878882738,-8.111723861972045,1.2246010495089603
5365,0.5130179555143273,-8.016767545713524,1.2070853888639734
5366,0.42867923446700434,-7.873512572046844,1.1245633585692738
5367,0.3589010090897257,-7.888206989621425,1.042174081261305
5368,0.3534245581587297,-7.932510040897835,0.9365860474437819
5369,0.4318575402199477,-7.957222149672416,0.8622017666744645
5370,0.5085484505428011,-7.9160781798415085,0.7721714971013481
5371,0.5629565627216149,-7.835348203145731,0.6702608073351144
5372,0.5957587591652219,-7.706324127902151,0.5625258872843515
5373,0.6409060954628469,-7.52703761292881,0.4354570498589075
5374,0.6442390676455894,-7.430500996394519,0.32257774345973944
5375,0.540812502793024,-7.38033141178982,0.30830531634973307
5376,0.3610621235995969,-7.329485316211783,0.32420858450191076
5377,0.2348335061512501,-7.041831520254825,0.278732011746856
5378,0.22672639189236773,-6.546237956092513,0.1045712751919328
5379,0.23066407593148336,-6.141724323715626,0.11871007338807879
5380,0.29911889881593934,-5.589125964630828,0.0405491583013767
5381,0.5231844784989866,-5.043865849637226,-0.12045993581084935
5382,0.5920937223998887,-4.741789727186938,-0.021025192916903933
5383,0.47650942100586513,-4.543351521097998,0.31664460367608327
5384,0.33872433709747307,-4.304509591664173,0.5332201073134556
5385,0.1102152391778699,-4.049672083050766,0.8680716204875354
5386,-0.1933776202407457,-3.8159656438099065,1.348399955760878
5387,-0.4348240300704976,-3.4135819805367427,1.695620739786777
5388,-0.7064962943634034,-2.64365745940829,1.9646958101184313
5389,-0.9630307252470167,-1.608172483636288,2.1088682613270784
5390,-1.1625534074547184,-0.8218927416752169,2.1008197591141515
5391,-1.3379101886982332,-0.2360099528574015,2.0069702026859
5392,-1.4259844090472071,0.0741712709178584,1.834066306438432
5393,-1.4282297208916135,0.18292927191574343,1.7092228109791825
5394,-1.4564595752812255,0.2796409338210262,1.705406453188604
5395,-1.5310314821611886,0.5009674742855812,1.735083978318863
5396,-1.6345503457271746,0.9124615279766259,1.8093290569455196
5397,-1.7469920183711096,1.293134968710679,1.8307523930683802
5398,-1.8405057529525353,1.513937274018848,1.7502243372332216
5399,-1.8849553441013809,1.5914306128336668,1.6300530196259624
5400,-1.8377898916579525,1.594449028027118,1.4965180163004939
5401,-1.70991424893412,1.5605218499794944,1.3624361696683867
5402,-1.6096426642703467,1.5220277433644278,1.3327524199290743
5403,-1.54272860290012,1.4829574478312588,1.395077460457085
5404,-1.4475749080960165,1.4738099284894894,1.437038412229505
5405,-1.3921975184066635,1.5290549216384335,1.4562713507058473
5406,-1.4681204906611913,1.5208588237089409,1.5145687608636493
5407,-1.5957294581402188,1.4331892909646053,1.5014577504989008
5408,-1.6316116648512973,1.3791786872690794,1.4515161388344728
5409,-1.5541471539472447,1.4054897352847644,1.3963150019822401
5410,-1.4034517795257675,1.4490891809374624,1.3911647332290094
5411,-1.3155975122679715,1.533097955713889,1.3647413645425175
5412,-1.2927189931449063,1.6205531918574558,1.3215786271931877
5413,-1.3022127599894933,1.7019702370772767,1.2693566082473784
5414,-1.2858264972962838,1.809126032936315,1.2587573575011004
5415,-1.2496359724180641,1.918610395831121,1.2804325086360002
5416,-1.1898775171975553,2.062891791821035,1.3042631677850376
5417,-1.1215581946778683,2.2106964063339376,1.3395431403854685
5418,-1.0377001324725585,2.268678777265565,1.3601731420691352
5419,-0.9383507975442873,2.209839442671335,1.3364234430668873
5420,-0.8556507082235414,2.1364481156059867,1.286246722850433
5421,-0.7707676798044175,2.0180752458812283,1.247155322837124
5422,-0.7434452693450626,1.906547830193927,1.247663853136899
5423,-0.753169110700737,1.7790587581986048,1.2518977280692594
5424,-0.8249838529982436,1.5488935788645597,1.2334624641629577
5425,-0.9260610462547444,1.2915870645178535,1.1753429142832794
5426,-1.0833919676275714,0.9813716175573082,1.0613314643187355
5427,-1.218545196542861,0.7056308412671448,0.9598607704674263
5428,-1.4061573955089592,0.31791261760443074,0.8391640191949766
5429,-1.5641512530194213,-0.0809274351440238,0.7462691789988131
5430,-1.690352211218156,-0.6748378233146219,0.6688067774763617
5431,-1.7468317219366365,-1.2201964432804153,0.6240673848930075
5432,-1.7243359506826845,-1.53958501690797,0.6182332828508408
5433,-1.6297617558484478,-1.7746389952799413,0.6305021166863621
5434,-1.519713934899846,-2.0435793000588323,0.629560244286023
5435,-1.4066612162542047,-2.29380746756372,0.6207608263320524
5436,-1.3052287235302396,-2.4227711060561976,0.5942385084890187
5437,-1.2604578991804862,-2.528619307436435,0.593684943009379
5438,-1.2626000230371692,-2.6330468429038065,0.5778337817292727
5439,-1.3238612749423724,-2.708151070881583,0.5364828032539882
5440,-1.4247123965050954,-2.7878540149351143,0.5260605217052347
5441,-1.6381770595637868,-2.865134087273351,0.5198052424574775
5442,-2.2292923037932613,-2.787616455643339,0.470900074872725
5443,-3.0547442767420883,-2.63157641929868,0.3316435654677971
5444,-4.13964641893104,-2.4356758139668404,0.044605690298322224
5445,-5.536101117832187,-2.239027002670977,-0.44086314450641556
5446,-6.6917123823832,-2.066796984197197,-0.8903275781229706
5447,-8.02164340290611,-1.8049555734916773,-1.4555515894847422
5448,-8.981111828770551,-1.5889236200803534,-1.88431970790716
5449,-9.657542800331061,-1.290869511027716,-2.1371244634182522
5450,-9.968050544925568,-0.9336464758495123,-2.1586545216199355
5451,-10.037603779933022,-0.6659563826774562,-2.0546441527435224
5452,-9.891861827138579,-0.5839510506070628,-1.9217570237407795
5453,-9.518466312530212,-0.5742932278726832,-1.8086319127861366
5454,-9.009507533815512,-0.5563413990149642,-1.7157660076374088
5455,-8.43181902257038,-0.5692283309377546,-1.6086889965350277
5456,-7.694572691989272,-0.6472178569110891,-1.5662919894901868
5457,-7.070386211776636,-0.6109384218704224,-1.5886431562024552
5458,-6.526453253565427,-0.4942352557417936,-1.6661437298309139
5459,-6.123320656408154,-0.4320202641384131,-1.7181855955520624
5460,-5.798578681972067,-0.4788728265060307,-1.776645784762437
5461,-5.642906460480331,-0.5147463135137034,-1.8253100351636915
5462,-5.592720807765902,-0.48779518786322945,-1.830015194420041
5463,-5.650110180893131,-0.4498881187821941,-1.8352637820680913
5464,-5.781215773192479,-0.4097972568291468,-1.8371536151317693
5465,-5.936584052087548,-0.40347957206486385,-1.823892648206204
5466,-6.041769701209573,-0.4056015730701491,-1.7796507396368588
5467,-6.096723903309374,-0.360830457460224,-1.7451665386696065
5468,-6.081371905083048,-0.2875765196208473,-1.7232654281715742
5469,-5.9874708114430355,-0.27101360461506396,-1.7351436283519213
5470,-5.8195667277791925,-0.27792658304532525,-1.7185432190128072
5471,-5.5503186989524425,-0.3015367857460945,-1.638735319284215
5472,-5.2834618906628315,-0.37565332844002236,-1.5231311731367427
5473,-5.060649041402511,-0.4394269638526889,-1.4175618482756676
5474,-4.869050312314707,-0.47151164359859254,-1.3316337955768203
5475,-4.723382532737715,-0.527974253769246,-1.254459696248989
5476,-4.5575050686747005,-0.5603162381064102,-1.1647158093715027
5477,-4.37128201337339,-0.512345075169402,-1.0168214523670847
5478,-4.201892096001339,-0.4499867829977189,-0.8796538602391426
5479,-3.9963140580971808,-0.3926230665821825,-0.7515982739367472
5480,-3.677439574012233,-0.3516881426706872,-0.611335645665557
5481,-3.2992275632309025,-0.3643941886478537,-0.48604959430862654
5482,-2.910635098844499,-0.3769749967051519,-0.34733696538868297
5483,-2.4545866212764746,-0.35899169585786217,-0.15894394242474222
5484,-2.066672118787269,-0.3149247033717645,0.017970619307283865
5485,-1.726835686379797,-0.22496513692767478,0.1799227747663349
5486,-1.3881310902823514,-0.06168705267295976,0.3205039806647486
5487,-1.1583940470372118,0.11865982080561778,0.41470066556948837
5488,-0.9706524691952374,0.2907685657932052,0.44991656011636094
5489,-0.7964263522562842,0.46207435001867136,0.40850515047607827
5490,-0.6300657316379243,0.62374628216854,0.33111814783763793
5491,-0.4548009990737826,0.8051666678702631,0.30357226212970667
5492,-0.3292064686308876,1.0014866361308028,0.2569709226537551
5493,-0.23382293165383783,1.2678022108419038,0.20325415367469163
5494,-0.1765621216415679,1.5043975666067537,0.17409480922215917
5495,-0.1492530647354498,1.7344322183179621,0.16375842530506646
5496,-0.12639314229557058,1.975351729935929,0.1492515439511651
5497,-0.09465092582830985,2.287441434333791,0.15768808143045956
5498,-0.05718862611959768,2.539966438867156,0.1622480597267139
5499,-0.007105551909131074,2.7540521859599347,0.14742908408911853
5500,0.04767004728666868,2.985768951987276,0.0957410947067292
5501,0.09783016539616485,3.1537308780303372,0.028935635750228256
5502,0.14359443985539946,3.2691453572063507,-0.03989768899835471
5503,0.18239503640477545,3.384901366182389,-0.10468412005390196
5504,0.2226148448569117,3.535334013198693,-0.13555354641396772
5505,0.24651691807843076,3.6312986036169397,-0.15455585277330078
5506,0.2634531989663269,3.707813407714726,-0.177798706028031
5507,0.2757708846619417,3.7800494676495124,-0.1792704250092533
5508,0.28192122979405293,3.8090636815954557,-0.18424841888061141
5509,0.27883737274931875,3.818133392704327,-0.18399844996896966
5510,0.2682462574645348,3.8356501704601538,-0.2228621057053096
5511,0.2568210587006447,3.802971103371517,-0.2854653508685375
5512,0.21610762234598524,3.6771813873862405,-0.3883263974105938
5513,0.13598917107026307,3.5059528343039243,-0.509624151960196
5514,-0.01745515014098725,3.301413770908332,-0.6696621519354539
5515,-0.274444040394159,2.952447209350066,-0.8427302850230809
5516,-0.5168227443512988,2.565318501184353,-0.9056391011058345
5517,-0.7726656719526055,2.240462421272294,-0.8252581811388671
5518,-1.0235605010999402,1.998613263188068,-0.7133007635009284
5519,-1.1562054042640244,1.869643289903396,-0.7032726052057526
5520,-1.2379087830395534,1.8447333252830609,-0.6865177778954077
5521,-1.2855345075055955,1.806589478351123,-0.6599885765024536
5522,-1.2920328811696369,1.715380103001762,-0.6654799417916103
5523,-1.2794299358618904,1.6502768258889782,-0.6662990842321297
5524,-1.2583817295158832,1.5621542607391334,-0.6389631201163424
5525,-1.2538491397232774,1.4120433906416339,-0.6224239240093156
5526,-1.252653213062357,1.2559220896760916,-0.6275926162258503
5527,-1.2448437540112367,1.0802073648075878,-0.6212441155694821
5528,-1.2236380768021662,0.915407679351534,-0.6271511085356115
5529,-1.178118170778934,0.7912889833394673,-0.6543706926329782
5530,-1.116918464258963,0.6590970238281059,-0.6919667746680005
5531,-1.0659079634034918,0.48163136911596416,-0.6459457077781624
5532,-1.0090734566428055,0.35614985695780754,-0.5964128564902095
5533,-0.9564512254619268,0.3042636053294571,-0.5668110305118875
5534,-0.9157887620612316,0.1903666674601871,-0.5127822606306212
5535,-0.8951641523960624,0.03605109193376626,-0.4191799355769481
5536,-0.8710628697734575,-0.02278826381809477,-0.3689764184194321
5537,-0.8373347024634358,-0.03162658016571633,-0.33683434907709947
5538,-0.8305842878690839,0.006656087615586756,-0.28330063450114984
5539,-0.801746962818735,0.1373839170223375,-0.26029698460615114
5540,-0.7654746568025,0.24247902235907962,-0.2742883867885961
5541,-0.7070992719920834,0.2868321090536879,-0.30121485972540185
5542,-0.6426861601279035,0.2872267125549347,-0.3022755133825058
5543,-0.5788244793092794,0.2823152996867788,-0.2769664078727173
5544,-0.5260435529542682,0.23864768649819051,-0.24004894247422062
5545,-0.4783901775988261,0.19406793624409324,-0.19271309086917332
5546,-0.44774557384885205,0.19535121137614,-0.15089371083419376
5547,-0.4351192756651424,0.21101630336498906,-0.11596154927812632
5548,-0.4267616055252452,0.23265603654021158,-0.10511857744155767
5549,-0.40030780301630225,0.2695465547084,-0.12638882006655083
5550,-0.3486475345965765,0.2737188397337539,-0.1280816397384312
5551,-0.29861933451862044,0.2310427512183797,-0.10409500957666017
5552,-0.26426033521512476,0.20966340566117062,-0.06011863048752722
5553,-0.2557961034535926,0.16392316359569856,-0.00786358366755126
5554,-0.2708787350613924,0.09641070002935717,0.017300585430312498
5555,-0.3039868225896373,0.05189248150783263,0.044237950651052224
5556,-0.3427527612655772,0.027881527135139143,0.07361015487764727
5557,-0.3798777203374476,0.00569428452010821,0.11048657244066945
5558,-0.400651020016981,0.0016073773792093537,0.12790732317484796
5559,-0.40828466343521935,0.005522239127792272,0.13411591167702147
5560,-0.39522048609921323,-0.014710541383557298,0.125646450551984
5561,-0.3694006638740178,-0.04540834757059728,0.11543146257340878
5562,-0.3296683334862009,-0.09115270842684045,0.10663357874393602
5563,-0.29905363849382643,-0.15927167143810025,0.10209799969730239
5564,-0.2762715962175807,-0.2124135039162599,0.10020510351048961
5565,-0.24898357682740133,-0.24533940415523747,0.10426526404537764
5566,-0.22275529061962726,-0.25438289464669317,0.11841666874283123
5567,-0.1908961671955316,-0.25627176208917274,0.11019317446552837
5568,-0.16585529334901458,-0.269378468024299,0.07979986697839198
5569,-0.12569963798131029,-0.2811666806649953,0.02528729259396781
5570,-0.08877260765007546,-0.3139365137518063,0.003406099061722824
5571,-0.05978423803776373,-0.351043757020781,0.0006258952808918613
5572,-0.07202439708539018,-0.37260762440453654,0.002399732359315467
5573,-0.123694804067014,-0.3876426314518409,0.019152568851307603
5574,-0.190851143976576,-0.42959621402984094,0.0665372539736555
5575,-0.2384862966010274,-0.4602031983790876,0.09977035930825384
5576,-0.2633736379358524,-0.46804233443874593,0.11692851461916347
5577,-0.2636746731829496,-0.4558865722488152,0.11744655511152044
5578,-0.23038804024359288,-0.41324930375334046,0.10464427950770608
5579,-0.17974893845042048,-0.3464235876833628,0.08569863570319201
5580,-0.1242854820192861,-0.2864265665777614,0.07631146797370816
5581,-0.08970451491128578,-0.2385948325741898,0.0926966313110546
5582,-0.09214262560438519,-0.22668124861149488,0.11013209630019846
5583,-0.11281025745655639,-0.2211408446992623,0.10185184608658547
5584,-0.12465076373230642,-0.19138007008276042,0.10220566855661825
5585,-0.11520495909647605,-0.1627497050972645,0.11600197012358873
5586,-0.10140470215634399,-0.13816980231178824,0.15942632452768632
5587,-0.10046254294142479,-0.10862828076644067,0.1978772340730669
5588,-0.11233226428369715,-0.06731109305074569,0.1940178437441885
5589,-0.12262250440394018,-0.030911027814380793,0.1803696852428484
5590,-0.11180036331000834,-0.02716805085445546,0.19197125496312747
5591,-0.10082926539745168,-0.057778250195040896,0.22160277625564076
5592,-0.12663769508072464,-0.07607966176209842,0.250406924196199
5593,-0.18306352781961593,-0.07704934850659244,0.2763854682759527
5594,-0.2690054223072987,-0.06869860193725463,0.3397752523990696
5595,-0.3421605358485943,-0.06811867619667981,0.38611987281558924
5596,-0.40012899080092995,-0.03315872364183037,0.4298263060240771
5597,-0.44257082517560453,0.050820818839930705,0.4549784239070004
5598,-0.4678695519996604,0.13546079191281257,0.47720636709508557
5599,-0.479173301464181,0.20004830038185395,0.4859077078029044
5600,-0.4838717778520494,0.3123175188188001,0.47183234231968696
5601,-0.507477711684651,0.44138066473046456,0.4319260288736123
5602,-0.5920995920936193,0.6166848080142381,0.3545146403257644
5603,-0.7415883116921362,0.963158908201293,0.31995577795074465
5604,-0.8781330225935663,1.4421469529095785,0.3390275067786541
5605,-0.9822095759855081,1.948411109225105,0.3703888534939761
5606,-1.0698409677003653,2.6126133122656983,0.40782349227098313
5607,-1.133701770170116,3.166238317525364,0.44301190597902657
5608,-1.1950167936450697,3.6786161656521217,0.4745377375209332
5609,-1.2641385272977286,4.283366142473206,0.4757905436064334
5610,-1.300748961124494,4.7775074758146,0.43972114223029185
5611,-1.3235321460993594,5.228139723872776,0.4209375086428465
5612,-1.3512722076543522,5.771414799016231,0.4522132111905551
5613,-1.3764528535570002,6.223820776230829,0.4971356848574492
5614,-1.413335786973958,6.70306107709711,0.5483575671967836
5615,-1.4485626201473114,7.137001704179621,0.6079151616853778
5616,-1.491055036654482,7.462557165188505,0.6628777998391691
5617,-1.5326556841826546,7.711393023209819,0.6936369693385924
5618,-1.5829804112157129,7.9919711126041495,0.722109679686572
5619,-1.620462993763241,8.163723018959573,0.7513004136603496
5620,-1.642803006006472,8.299282623648613,0.7829539644017469
5621,-1.6972433600712133,8.501956797486269,0.8106904550733638
5622,-1.7723490738841796,8.702479871604131,0.8446306250487611
5623,-1.8803522110709676,8.941753301887855,0.8878211121783367
5624,-2.013915282280768,9.168814214627616,0.9231470101218046
5625,-2.2047378406932516,9.41866847432413,0.8701380194849369
5626,-2.409295948876748,9.669858554431137,0.8121458189534186
5627,-2.63974320314856,9.910515209514651,0.7613190737238522
5628,-2.8299803646900608,10.057493665407712,0.7387139226723032
5629,-2.9977204385646274,10.091423652339493,0.7308518414462437
5630,-3.0802427974767586,9.975723517886687,0.7112211843730591
5631,-3.0706167393113613,9.669171290890223,0.621829003869302
5632,-2.9691865473523382,9.24949157043141,0.5070382850676438
5633,-2.8057618606036066,8.957464300283737,0.4309061695879355
5634,-2.5874377321589357,8.67957127155742,0.39971002807070144
5635,-2.331959876735118,8.307767221390483,0.430017177792023
5636,-2.1426024736361047,8.102228526441568,0.5133634670316463
5637,-2.021249858016838,7.989067404849161,0.5935817964822784
5638,-1.922099174452444,7.798293272162382,0.6202092885647925
5639,-1.862971588173965,7.577437511332062,0.60545672050763
5640,-1.7758919046888169,7.325141280617135,0.5473612667273069
5641,-1.6075898667223543,6.975193995877361,0.4884124128394191
5642,-1.4103664770520545,6.5704203873136455,0.45456845248035
5643,-1.1801824943022414,6.166381456939632,0.4773882208790273
5644,-0.9109153154393417,5.72829973347101,0.5716656407529878
5645,-0.6793995469475607,5.3077277893349075,0.73095920348066
5646,-0.37850447880876764,5.044402877622491,0.7451159976241752
5647,0.020430069338641634,4.997650329860027,0.5954927019566734
5648,0.30321674545261984,4.977736751595573,0.5785405995761308
5649,0.48753436001818623,4.912831974906656,0.6486064399462046
5650,0.5795529083012362,4.795838521825844,0.7346484127119925
5651,0.5679402528639343,4.639557124599707,0.7529760511378553
5652,0.5020562491117394,4.457597422628169,0.7053977545013117
5653,0.39903701432364586,4.288338987465545,0.6991078974213965
5654,0.3219186568950808,4.168829443013385,0.731142231203348
5655,0.2575540767258817,4.081846568968027,0.7752357973937893
5656,0.19728550224396593,4.0571870597221675,0.8155774019908337
5657,0.17194792871958442,4.029824787776978,0.8394870657935634
5658,0.1641814968209063,3.984182466664065,0.8691502567517955
5659,0.1731997209488948,3.9511863150144553,0.8890000134836846
5660,0.18935485232296362,3.9068754847880585,0.9247918050267987
5661,0.1982267076336539,3.832730283539806,0.9476319572709766
5662,0.20442031507660158,3.754412382790563,0.9459086151916976
5663,0.2111574561589949,3.7199869075240866,0.9380297786580801
5664,0.22972962068958547,3.6924954112438377,0.9436865625887332
5665,0.2519265612226031,3.654706985120301,0.9597141348458677
5666,0.2633290282635005,3.6365062382689746,0.9845937388571386
5667,0.2459506793964184,3.638479325190992,1.0101529466806995
5668,0.21942902856403587,3.6324541956329295,1.018575017599258
5669,0.1878255303019042,3.612075545370567,1.0395999607381294
5670,0.1535707047219121,3.562840355598974,1.0819062630086007
5671,0.11505881706279925,3.499317057415217,1.117038198080514
5672,0.07284666780586363,3.4315627880381845,1.1108609156436602
5673,0.05042708912263691,3.371438755710947,1.0516090013729296
5674,0.06596633954697831,3.313370200131767,1.0357045223792392
5675,0.10716465262441734,3.2348329204389596,1.0429611516949047
5676,0.12225611545323886,3.1570791193691288,1.0535858021378872
5677,0.0972970037723453,3.0844329792147476,1.0500578056098966
5678,0.05002540530332762,3.0032728066148353,1.0516997145754463
5679,-0.0037100816621350396,2.907080277256714,1.0591008679293108
5680,-0.025149474853217935,2.8247754568143475,1.059166181789429
5681,-0.02361539871374205,2.755774688281515,1.0598870888565817
5682,-0.011378192855773768,2.6978463661627163,1.0352363355328391
5683,0.01220884289755285,2.6706272258877135,1.0039449451478988
5684,0.05530543160270654,2.6328040092854152,0.9779777402492154
5685,0.10625697786016494,2.572307636694734,0.9599719744831935
5686,0.14130907460142367,2.5289480129600075,0.9563686228628827
5687,0.14161807395569617,2.484940131345944,0.962010465754949
5688,0.1229779543799619,2.4304344021300626,0.9744432241281079
5689,0.09908543942107445,2.4020790933472815,0.9800111088791696
5690,0.08129437104345909,2.384699766117962,0.9778271559246017
5691,0.0824275087480284,2.3475712296799474,0.990688935548609
5692,0.09278408974763928,2.3111555918798383,1.004163938084899
5693,0.10234978954802193,2.258031919978979,1.0016510688380136
5694,0.12322585555858497,2.199560806855995,0.9482624690993382
5695,0.15579039610717121,2.134186877737979,0.9366705710335014
5696,0.18696041748730446,2.042429687237279,0.9556717301345143
5697,0.18932771832967304,1.9400150830969265,0.9909954402830462
5698,0.1397497904619125,1.8751364545621394,1.0385746881068627
5699,0.05320506175283962,1.8121347230602523,1.0859146126242702
5700,-0.06375797400257645,1.7391207210809512,1.166019518050043
5701,-0.15498608798353444,1.682710228198765,1.2048320606899
5702,-0.22973797166293844,1.670105024416461,1.2487692795471985
5703,-0.25668365450649855,1.6933404233183402,1.2704078141824233
5704,-0.2471364909321126,1.7055543690694133,1.261465840285415
5705,-0.21146244010914725,1.704485020493865,1.231090994741906
5706,-0.13359397584246152,1.6905646893735693,1.1976550066164677
5707,-0.05974114914969654,1.6778904583420904,1.189212976752219
5708,-0.019169392527457363,1.6762739490732455,1.192759562045428
5709,-0.03146977596678019,1.706488928498163,1.2080172853125863
5710,-0.07093666946595421,1.7583592837920765,1.2239158980264235
5711,-0.11921007791242746,1.840451875567109,1.2446007184749566
5712,-0.14860770524999278,1.8942600783096055,1.263761951523231
5713,-0.15931588090406149,1.934021181560292,1.2887499939336513
5714,-0.15967418568567032,1.980839558523936,1.3138996846490785
5715,-0.1536207305207517,2.0148017087222407,1.313643339810908
5716,-0.1327552633094361,2.03997512132945,1.2727726540113224
5717,-0.06997459998309685,2.0446812923699484,1.212072915912936
5718,0.015121588364882733,2.0287431549078527,1.2102449915215203
5719,0.09082005020477005,1.9953575843886795,1.2208136132217722
5720,0.09688675220122142,1.9742798200464273,1.2257675145719085
5721,0.028386095679868613,1.94410934345145,1.2297328554574438
5722,-0.06011037956577195,1.8995639191786262,1.2510881350253775
5723,-0.15417792453833382,1.826423345601461,1.2829029093451725
5724,-0.20587040957251213,1.7913782616674885,1.3168193691131347
5725,-0.23263333149764492,1.7805453977443761,1.3492946013805205
5726,-0.23191864292510267,1.7645821027632973,1.3535451018862021
5727,-0.21869446307408805,1.7379895808062773,1.3315138044706911
5728,-0.17549059571084946,1.7136631688816604,1.3038370291760393
5729,-0.10486194509351049,1.6663430945473923,1.2799321959297365
5730,-0.05724109317742067,1.6017962368144085,1.2802538560186187
5731,-0.043902837829785435,1.544628350803646,1.284361585554476
5732,-0.07923051335663858,1.5231042422747625,1.291362975226349
5733,-0.12112561244074177,1.5064178149993994,1.2877303720062525
5734,-0.15133227033735436,1.484536284440706,1.2869129882568338
5735,-0.16598462671428127,1.4532047855749315,1.31093613768357
5736,-0.16656728719852604,1.41772940436968,1.3363112782515538
5737,-0.17958202570506546,1.363507652672229,1.3383492414424278
5738,-0.19994620773158206,1.3033196437574506,1.2923102396420485
5739,-0.1921534956132469,1.2193427786840274,1.2493174037066206
5740,-0.15663687264417653,1.1179885424957698,1.2412378017328312
5741,-0.11093156192650755,1.0356666362770117,1.2612376699007322
5742,-0.11524164468229177,1.0036586303632933,1.2754840232341134
5743,-0.15930396809383116,0.9755825018298112,1.280881274619328
5744,-0.2174037040825349,0.932490200996295,1.3126386644126835
5745,-0.2687619367391865,0.9014635089950123,1.3360017844699486
5746,-0.3016809667684568,0.903367962971821,1.3683405637785997
5747,-0.3168624760351896,0.9351380739463586,1.376751217376713
5748,-0.3100659309842008,0.9778209956467664,1.3838551668844903
5749,-0.29173551779402934,1.0152348089399674,1.3778772411317877
5750,-0.2498027459483467,1.0473803787572669,1.3445353598908434
5751,-0.21515112907217185,1.0582942442341554,1.3070735695204152
5752,-0.17406356644325716,1.0676228895516016,1.2935063797469561
5753,-0.15640223163729922,1.0726106757041032,1.2873673037838316
5754,-0.15606999363193907,1.0841561638738406,1.2734145833208956
5755,-0.1584494474083724,1.1124930770654642,1.2528105201083592
5756,-0.14201515873656548,1.1395339184627027,1.24230032590168
5757,-0.09987490655772213,1.1617102884060064,1.2490888051962075
5758,-0.0529001845243915,1.2013281245099203,1.2533090158365414
5759,-0.02313551456568668,1.242122683699196,1.2201858778603578
5760,0.019005624737322754,1.2532583231645469,1.140107012459778
5761,0.11003830126242746,1.2199093626748043,1.0758681737967475
5762,0.20087379276377265,1.1544073694863397,1.0517125211452132
5763,0.26956266968573284,1.1368631083377858,1.050149052419487
5764,0.28235644090374457,1.1495539920912665,1.0305279876108342
5765,0.27116789751889836,1.1568468340505706,1.0261666866180477
5766,0.24472394008716697,1.163108674274635,1.0378931651524268
5767,0.22213243607354152,1.1862107828304214,1.0432335047452836
5768,0.20807318556765703,1.2139060696536736,1.0576815721356665
5769,0.20976904680810682,1.2463195488662433,1.0559247146760853
5770,0.2298457605841715,1.2898808907498793,1.0317152697902683
5771,0.26555393567205193,1.2985931657420942,1.0065681646369178
5772,0.30725653548222037,1.2832599539935536,0.9853348143710422
5773,0.34790309734899105,1.2681438260904394,0.9713636626319675
5774,0.3676100070798203,1.289689537177228,0.9622823926572281
5775,0.36299917589151887,1.3458461123065004,0.9553928663214628
5776,0.3388327663489312,1.4158149254380277,0.9483155097863211
5777,0.31804479243507155,1.4563417548393685,0.951127946856871
5778,0.30789766612014885,1.480598370958755,0.9589599325623486
5779,0.29177284371007023,1.5399067819733667,0.9571087378814486
5780,0.26978299664403554,1.581174791599975,0.9226949369828507
5781,0.24991045482830165,1.5999987085242986,0.8349137739647112
5782,0.24376915436062063,1.6114516694454333,0.7399763337111807
5783,0.20952473414678718,1.612545990832027,0.6858779279179295
5784,0.14313759092018313,1.6331508010944664,0.6642486934903568
5785,0.07763237584669533,1.650803816234892,0.6503520868616595
5786,0.018699445170578168,1.6637667328745072,0.6336020086671511
5787,-0.02980044841003491,1.671938284878613,0.638907091221642
5788,-0.061817920162724194,1.7070079147379724,0.6382719903600004
5789,-0.06478555727159416,1.7513257022331872,0.6356708089028967
5790,-0.03666998777163715,1.804253986911273,0.6151045226490682
5791,0.013626032924276665,1.8433222547375623,0.5872585888698034
5792,0.0921081278135054,1.866014527862348,0.5455377129677923
5793,0.21142584790482272,1.8532415833506253,0.5023022426399001
5794,0.32271682852072664,1.8316533352514917,0.4779576345317394
5795,0.425009688709669,1.8178270826247136,0.46340847804276525
5796,0.5181632756776442,1.8077691768694968,0.44461017022099353
5797,0.5755799260584594,1.8242891307497833,0.4471948898552257
5798,0.6102801146502542,1.851153685592938,0.4533544930951754
5799,0.6302864321221917,1.8747462810699038,0.4669381916871841
5800,0.6328224599788866,1.880278719209266,0.48116616920739486
5801,0.6287102059121402,1.8762881920698555,0.48749321880122054
5802,0.6332840847103656,1.850272593592966,0.44779824100987053
5803,0.6661789689540625,1.7914903191529499,0.39495576291196705
5804,0.7181666862426725,1.7265229017408468,0.36842346658959146
5805,0.7809020795561153,1.6792168988057121,0.3460611074150775
5806,0.8202104046131808,1.6487293653754602,0.33375505438521946
5807,0.8280817172666528,1.6127836594226204,0.33274095807156895
5808,0.7972276188113516,1.5541321590727488,0.35481471507752393
5809,0.757433656639364,1.5046282983053898,0.36414704786137303
5810,0.7097248927194467,1.481002418234905,0.38663691279196943
5811,0.6633170663736199,1.4598852259724944,0.3915822898424841
5812,0.6430299640979553,1.4340206507853162,0.37895070893441696
5813,0.6597695302046012,1.3943258215331744,0.36594221364757273
5814,0.7054957783866111,1.3544025017321057,0.3555492005261936
5815,0.7489084067434607,1.3195884696610136,0.3579693019317108
5816,0.7726328016677146,1.3074086747626528,0.3631213455623917
5817,0.7716902889371502,1.3105103192388157,0.3689367713063249
5818,0.7538655231814364,1.3377710069002822,0.3715221312707821
5819,0.7284718407210765,1.3690159717718635,0.36953686744899183
5820,0.7266557041200031,1.3994792919288472,0.3795036340838315
5821,0.7329203215168771,1.401704326704456,0.39594750102858955
5822,0.7448520748497105,1.3727599724432586,0.3820294166569239
5823,0.7728253276220753,1.3359354853743304,0.32841331292533876
5824,0.8180572408702719,1.2891970125047316,0.29695706393456484
5825,0.8651925357127179,1.2425816974838997,0.3014087730619172
5826,0.8884935122755934,1.2192948607688157,0.3227030080600338
5827,0.8513118306179452,1.220974228950934,0.3408080783718057
5828,0.7774062500527772,1.2112038834328276,0.3675613153022831
5829,0.7073599931154225,1.1871690344132406,0.40649459361039464
5830,0.656541038570262,1.1759296686214395,0.43847746085050004
5831,0.6192919621564174,1.1679883147088963,0.48783712949297653
5832,0.5977140608685605,1.1578059498104245,0.5188136911038373
5833,0.5916179570426043,1.1537742911857443,0.5271856886325221
5834,0.6056424696337747,1.14319350249505,0.522406370553729
5835,0.6350586532076562,1.136830131420636,0.5222608555100643
5836,0.6724838737942685,1.1308768907430116,0.5287609543472359
5837,0.6996337152579465,1.1310300359731422,0.5403655522958712
5838,0.7004489623562627,1.1506086131115825,0.5542146144053514
5839,0.6827724864085226,1.1631088877197802,0.5628462658403333
5840,0.6730229251221382,1.1617880891614236,0.5744269581272301
5841,0.6806928539198014,1.1585990052473303,0.598544515809724
5842,0.68623213725414,1.1316427236150803,0.618608569723629
5843,0.6848433143566481,1.0724572086447206,0.6013656506991656
5844,0.703346403264201,1.019202497696627,0.5437273926995976
5845,0.7494158684468898,0.9855565911143482,0.5325518160018106
5846,0.8052075741596901,0.9454697769822067,0.5470759462511517
5847,0.8207925715095439,0.9333895472368424,0.5671760721010735
5848,0.7784106613717725,0.933070768641789,0.5923892881596461
5849,0.6874872378562802,0.9127355885696405,0.6309970385895487
5850,0.6004412806583138,0.8853767755247741,0.6766086143004053
5851,0.5281386600900971,0.8469171650128446,0.7090490241668042
5852,0.4796882870477555,0.8093642879149481,0.7560251969483012
5853,0.4583508297594414,0.7801172245651082,0.7698683893640507
5854,0.4560778709035778,0.7641222929682119,0.7659235282903281
5855,0.4837841059720564,0.7582434904773583,0.7410852789394311
5856,0.5379814427850926,0.7546219868560637,0.7230061953626298
5857,0.5944235105632342,0.746973062509935,0.7191800088239679
5858,0.6304593212829814,0.7601984133522974,0.7257056141484413
5859,0.6182331761291366,0.7852843553415771,0.7310531185803484
5860,0.5866326660747222,0.8102072270091565,0.7309734508281697
5861,0.558895908598845,0.8265474024224005,0.7439592410724473
5862,0.5463830022258385,0.832230798002892,0.7726227164666685
5863,0.5405058913368828,0.8390247581169988,0.7934609296227763
5864,0.5452864900761263,0.857117971789982,0.7785818429852951
5865,0.5687204418824239,0.8755410286216845,0.724348274153686
5866,0.6290161236772043,0.8862937308942749,0.7120692483954145
5867,0.6848484903593014,0.8689635743893315,0.7278562699313018
5868,0.695084916060206,0.8593336804612914,0.7454686594956751
5869,0.6423189307437818,0.8727977012954621,0.7571443340993019
5870,0.5527145341312403,0.8953991687499353,0.7914506662417792
5871,0.48208952539205685,0.9060845713203596,0.8435509749283112
5872,0.42552710221201384,0.947972407733463,0.8889225868872939
5873,0.3863058887459945,1.015950696189945,0.9369549843751708
5874,0.3681480178710741,1.0968361620430191,0.9662035615126202
5875,0.35544592059696256,1.1723726438686435,0.9841180802215588
5876,0.35675739693934183,1.2064551836196502,0.9925410907248469
5877,0.376284507279035,1.234491349897218,0.9941883402290377
5878,0.39403558169800473,1.2522472407155334,1.004347606137812
5879,0.3917004307690237,1.2633778611516346,1.0261480102691578
5880,0.3551133757667029,1.2759380111720764,1.0541001993568637
5881,0.3029136558127169,1.286442609628792,1.0694505534301781
5882,0.2661862084085326,1.2901360644209388,1.082783833201887
5883,0.2478715900305814,1.2930396654533571,1.1121833078670638
5884,0.23872100430896986,1.2980979783777684,1.1424021632048613
5885,0.2146237237502721,1.2820013883496977,1.1488956611977716
5886,0.20194946750074153,1.2490674416652552,1.1168939099450896
5887,0.22546872996932688,1.1958618138068648,1.0796257330973345
5888,0.2652962561172824,1.1212282076376918,1.08462659186995
5889,0.29067283642454583,1.0450299463193555,1.1063690936526314
5890,0.2587553362282576,0.9861596738289613,1.1326958505355904
5891,0.1722056616352061,0.934467970183298,1.1629370739032217
5892,0.06543371153167969,0.8910573680739564,1.2175369456254594
5893,-0.01580201093274646,0.8610487562603562,1.2631605763512537
5894,-0.058763311535044924,0.8502087736072188,1.301517225784154
5895,-0.08253611809236244,0.8477045556106882,1.322175309859724
5896,-0.09190760440143671,0.8332927294401168,1.3283410663212627
5897,-0.0872317530148568,0.8127600032493869,1.3183471928863428
5898,-0.06460434381787755,0.7879092218974546,1.3031751429619125
5899,-0.03566227808497178,0.760153003390332,1.3051270776372395
5900,-0.028159772295811694,0.7325254711180166,1.3144720315962504
5901,-0.04325735161230467,0.6977550545361908,1.3216515183148556
5902,-0.0777457943378245,0.6730864466391947,1.3316787966728851
5903,-0.11359482206491776,0.6750906214470294,1.3450856155051674
5904,-0.13894620270977903,0.6823485908185718,1.353014376290773
5905,-0.15418243353033587,0.6663365093828968,1.3667970435843384
5906,-0.1586237773121687,0.6383997926249614,1.3744459155917284
5907,-0.155168381994506,0.6172891213033207,1.3725252398718835
5908,-0.13445940882217378,0.593464776487967,1.3432311174814848
5909,-0.08681111608789382,0.5529292144564912,1.2753088924425222
5910,-0.01155688000664898,0.4884364252228621,1.2408079255423807
5911,0.05350651054654061,0.4418682228360619,1.2267855301469737
5912,0.07709411159139412,0.4177447154185592,1.225019290733269
5913,0.03305255222142644,0.3710869201610905,1.233081573367596
5914,-0.03965524063180516,0.3119521837449278,1.2441716960604552
5915,-0.11213241455238615,0.2622881181216719,1.2741501073111825
5916,-0.16176507731418377,0.23873498485221886,1.3002228017449504
5917,-0.1889440538031058,0.22276889763691166,1.3279699939493175
5918,-0.19414108063210328,0.21526596162588155,1.3320086743552788
5919,-0.18428459753833226,0.2146302871350798,1.319344935865947
5920,-0.16051723378792848,0.20770854418486184,1.295458111566955
5921,-0.1285641285630795,0.19893328535667762,1.287050766350645
5922,-0.1113748972259307,0.18530519053572542,1.291895731418685
5923,-0.12104778563796038,0.1812803682251377,1.3042585787642045
5924,-0.16236502671450748,0.19069091467794597,1.3163940842754542
5925,-0.21324273155782536,0.2141148746646886,1.313271522402005
5926,-0.23668691530751212,0.22966964309183002,1.3143952988990628
5927,-0.23219121015760696,0.24086402948998065,1.3338789772941175
5928,-0.21274999744957465,0.2466311636627674,1.359307097788639
5929,-0.20330225848285577,0.24533895058799465,1.3511600917099202
5930,-0.18857599732577646,0.26118498922629985,1.295294400028685
5931,-0.123794722262563,0.2582038251414237,1.2083242177663438
5932,-0.025020006418294393,0.2250390417078272,1.1752054571011132
5933,0.06773251705027708,0.20037325463090305,1.1537752041917564
5934,0.08832010095419836,0.21493493757990653,1.124289831583333
5935,0.0561528052690377,0.22187670418987346,1.1103181275839207
5936,-0.003922720905801037,0.2011879547804854,1.1427037579228752
5937,-0.06488016606235962,0.21137580876577006,1.1802009798029924
5938,-0.11348879405180386,0.24386555073993132,1.1993156008377701
5939,-0.16271020472650075,0.27924889164067995,1.2035636697952865
5940,-0.153558391705291,0.3304866221530868,1.1976188278606177
5941,-0.09852473025736054,0.38017059137417425,1.2036890681378336
5942,-0.030222759533732397,0.40809867418524015,1.2046509534666638
5943,-0.017122603643200927,0.42090546545116314,1.2121802776561499
5944,-0.09581464597123644,0.42896284739589235,1.23013658256935
5945,-0.2713960685224591,0.43760210275229794,1.2410016259608683
5946,-0.4446882371476095,0.45238023065761424,1.2532199034552456
5947,-0.5596520852338916,0.4896707150926851,1.269307836560849
5948,-0.5571611472972177,0.5573316034168356,1.2904841196085837
5949,-0.4356653973059147,0.6196326295620345,1.3140058724567303
5950,-0.32087438501957016,0.6600686199734282,1.321923659398681
5951,-0.25428580457630523,0.7064448099127667,1.2864617676676522
5952,-0.23248490828754104,0.7690477530613241,1.1974328114256736
5953,-0.21960844108899427,0.8157093171283984,1.1228401278857036
5954,-0.1829419184376901,0.8267548688526266,1.119932925436466
5955,-0.15388498680054205,0.8432201597706456,1.1287272012861984
5956,-0.16514428667526698,0.8703469507277088,1.1245828885881686
5957,-0.2251962961389529,0.8754075734925706,1.1269877489475901
5958,-0.2934471204858474,0.8657007146028673,1.1416886238260078
5959,-0.34724985379763684,0.8535501143808549,1.1582719353944935
5960,-0.3637210414986679,0.8758595920446399,1.1663213262108862
5961,-0.34763917457452626,0.8999871223689785,1.1709531423313815
5962,-0.3186824812980398,0.9201774862612692,1.158744713826394
5963,-0.2889385553705871,0.944487937090447,1.1171251765053445
5964,-0.24851274734893597,0.9740965047901312,1.0848289356722693
5965,-0.20789366632099446,1.0071021035308216,1.0666207130463694
5966,-0.17298134166169357,1.0200158215982489,1.0583132596161224
5967,-0.17874543426591086,1.0338732896239669,1.0579858365395827
5968,-0.2103891399300966,1.0518001394267027,1.0574749583559466
5969,-0.2525795379696968,1.0662097759679556,1.0671098199432993
5970,-0.2761359529315537,1.0797265848342499,1.0799425889776542
5971,-0.28798545051088187,1.0833584212987684,1.1005634171976912
5972,-0.3067728727188261,1.0999522139101698,1.1298963343845148
5973,-0.3467762762352885,1.1174765943150624,1.1281784397716805
5974,-0.3807406186766853,1.1268118720561224,1.0928652716439178
5975,-0.38205169481267376,1.1081383867480932,1.0278562024996314
5976,-0.35232369709957173,1.0729486660914913,1.0155254366305098
5977,-0.31415788124672483,1.022396462090438,1.0030167864865482
5978,-0.30750002105033253,0.9827862099094926,0.9851534941956214
5979,-0.3370634005347197,0.9383602068997465,0.9862388539272456
5980,-0.3865424907641862,0.8770756825654353,1.013084064303612
5981,-0.4579800251982292,0.8225050535184945,1.059724871426223
5982,-0.5158684922332736,0.8082865083476369,1.0930786077519539
5983,-0.5655502736594251,0.8147367062392057,1.1262905379451893
5984,-0.587810500163028,0.8272858612515926,1.1452405396370133
5985,-0.5944111308455479,0.8716386533708371,1.145196783619614
5986,-0.5805398706215962,0.9121119086219857,1.1212099582757737
5987,-0.5456063350235872,0.9145249865303406,1.1123046507738517
5988,-0.5067278849910037,0.9278103348524424,1.126621267609423
5989,-0.49120115769163863,0.9484399567876742,1.1460298555021007
5990,-0.5109192732014078,0.9798456080481504,1.151302135432743
5991,-0.5406637860982335,1.0203162423807006,1.1556319534374007
5992,-0.5648302223212474,1.060308717658511,1.1669949517806328
5993,-0.5847120489252458,1.0795700245188478,1.1962599367153834
5994,-0.5949513027513116,1.0996819952880854,1.2191694631065133
5995,-0.6048525689402038,1.1290208986195227,1.2317363426375496
5996,-0.6071461784458282,1.1431396081806136,1.2091148117395787
5997,-0.5812040531476299,1.1243664575591057,1.175512174447034
5998,-0.5283892960123902,1.0949075993575172,1.1762110929920704
5999,-0.49755734231070853,1.0662738095115087,1.1945026523678273
6000,-0.513989656630988,1.046047001401688,1.2163543656288878
6001,-0.5899631302974161,0.9997884844944822,1.2430973257503104
6002,-0.6788488629539342,0.9396790701429225,1.287953634416983
6003,-0.7491522658375376,0.8831859864389834,1.3184455900307197
6004,-0.7819010480681968,0.8419647889592585,1.349178595202714
6005,-0.801192009956941,0.8043178057375377,1.3745145378336496
6006,-0.8083728331842961,0.7754396529441192,1.3834636038897627
6007,-0.8239639136712884,0.7579204435140201,1.3788719968346645
6008,-0.8097105363854804,0.744905601903168,1.3670864736311361
6009,-0.7767232311459538,0.72403029997117,1.3612844321606703
6010,-0.744840068657989,0.7051433352001197,1.3579494946719177
6011,-0.7384314303213091,0.7137851486364943,1.3598134909015107
6012,-0.7446022393401989,0.7335763625895569,1.3580170493274388
6013,-0.7428212675406567,0.7411919101135551,1.3444038791079016
6014,-0.7343180023158169,0.7140173756946918,1.3263580649571223
6015,-0.7194675170950589,0.6603662676137375,1.3066169085868053
6016,-0.713686989348396,0.5906453560843765,1.2762443107169257
6017,-0.7176876658734106,0.515458494638857,1.2232453673777042
6018,-0.7035338599376126,0.396317878702985,1.128749932947535
6019,-0.6664750149614888,0.2993226038688142,1.0859193083665182
6020,-0.6177523414909033,0.22986598434711572,1.062867620695434
6021,-0.5931016021742701,0.20224591371455858,1.0522566936388977
6022,-0.608360724800376,0.18232597412195073,1.0290660030197272
6023,-0.6212980633909508,0.1654296204916351,0.9986259354110109
6024,-0.5940431544094967,0.15231070826159204,0.9674247779736797
6025,-0.46319807620295234,0.173561587567381,0.9327650902686255
6026,-0.2510996814585299,0.24349063739310772,0.9244336469875333
6027,0.06624716437134436,0.3207640347774365,0.8554280867485987
6028,0.36380745939863673,0.3465041358896011,0.7429500806376156
6029,0.5942466193385372,0.3197885984011293,0.6607800780215873
6030,0.7294897523356517,0.27999031400012203,0.6036626752993243
6031,0.8248837480397122,0.29453023906168363,0.5435464460501414
6032,0.9908154007680757,0.3028429526836903,0.46994998490116313
6033,1.2335033386865284,0.1910698834495288,0.3947955469535501
6034,1.4752823638484553,-0.058466258341535314,0.31780437511595483
6035,1.5748100331471693,-0.34310539645665084,0.23981623579823172
6036,1.5117210979068998,-0.6640377450835238,0.14076360663108956
6037,1.3297559865131672,-0.9527516963968757,0.076156461368477
6038,1.1066005736568734,-1.2111865154302213,0.03257294154773806
6039,0.918926380164452,-1.4822093309838384,-0.014035529939601391
6040,0.898282880757641,-1.739646149601779,-0.04270477330842883
6041,0.9695378677166651,-2.0209338623546875,-0.08244885975897315
6042,1.0815235600153954,-2.2464141257004164,-0.1237915873125024
6043,1.2069730106046528,-2.40504598308872,-0.18426009156700734
6044,1.326325514749057,-2.5232806767506375,-0.2501739240355236
6045,1.4424588996048207,-2.695745343871223,-0.30182613496658284
6046,1.5054501135596152,-2.8199984196986216,-0.30556283535628037
6047,1.5402241820415246,-2.8731526529681215,-0.26221573412580423
6048,1.5624775199043366,-2.8773258418924565,-0.2085861300986389
6049,1.5606016775977092,-2.9075102224184337,-0.17771935844096484
6050,1.5467241917871974,-2.8831853316727014,-0.14741396962776243
6051,1.5304875499097066,-2.8386576278269686,-0.11658220268906311
6052,1.4876551110646397,-2.880087175390454,-0.08073807082014958
6053,1.415332486260342,-2.86836304784015,-0.031635738221957234
6054,1.2871616505020547,-2.7834573537929095,0.09771527948160308
6055,1.137391592783506,-2.6907235131964407,0.23344601727506067
6056,0.9825902523043578,-2.5758985340091476,0.38571168897748404
6057,0.8708701837365405,-2.4125545541822895,0.5352363471098873
6058,0.8067981010781031,-2.2109515204735235,0.641784895336009
6059,0.7946358288642168,-2.0680136215247074,0.6705004509218756
6060,0.8224064171203227,-2.0064072126642145,0.6654782876051955
6061,0.8522876938810693,-1.9940456932677106,0.7377959559337028
6062,0.8797663449153602,-1.9414641464660676,0.8163293097577126
6063,0.9054934259796135,-1.841410020428513,0.8884516773675503
6064,0.8813030840948609,-1.8512409837101835,0.9217313467157087
6065,0.8019744401312188,-1.956970046101567,0.9898324938724751
6066,0.7190949516257275,-2.025529655823046,1.0623853440060982
6067,0.6558331001455099,-2.0685028377974537,1.1282262509654777
6068,0.5998646632905689,-2.122641868253921,1.1856748278856708
6069,0.5251820953580371,-2.153563214572023,1.2233929630942693
6070,0.47266952072821466,-2.1508838376646136,1.2263837240205326
6071,0.4710877449895452,-2.147874261117614,1.2084777907152162
6072,0.5368993380654463,-2.141942182841234,1.1994416395122791
6073,0.6302440102447757,-2.1403153392456282,1.2047960953780374
6074,0.7234821741633224,-2.137836014238208,1.2076849530243383
6075,0.7676984169527314,-2.1512018709309273,1.1777555653059757
6076,0.7822837520994264,-2.163012431149019,1.1337135459464114
6077,0.7900689403376161,-2.1668547961187383,1.1160138803853943
6078,0.8036567477152361,-2.1753416178254392,1.1345966656532636
6079,0.8009812879520156,-2.188802769622206,1.1741557452658746
6080,0.7947702982114977,-2.169405623698256,1.1803204010660702
6081,0.812037656506221,-2.1423240279202864,1.1451713837851236
6082,0.856352136624338,-2.124319760540159,1.1124977108603775
6083,0.9184498677552384,-2.0854898667536688,1.104136576267321
6084,0.9405253589888865,-2.0408743097340016,1.0994288556831235
6085,0.9184149697579679,-1.997484043807332,1.098788416999188
6086,0.8798798968086196,-1.952058167863024,1.1141593723016168
6087,0.8552248352629666,-1.8886081121857503,1.1534562121527157
6088,0.8302508359043385,-1.8216907719775903,1.2015963565642138
6089,0.787801210845258,-1.711493842684538,1.2541206321955274
6090,0.7420609287591469,-1.605077635753791,1.2633597185111314
6091,0.6990911421138384,-1.5080517078469498,1.2691058129227741
6092,0.6469959560691079,-1.4090697051417265,1.277082078367133
6093,0.6122940599300458,-1.3248357481802298,1.2879835165752072
6094,0.604981648841423,-1.2333844353836865,1.3097056397717868
6095,0.6081220417089525,-1.126758149730522,1.342916716193704
6096,0.6011689625983413,-1.0300202071788476,1.3703279407444797
6097,0.5762287406590896,-0.9219090950958305,1.3728554377202582
6098,0.546898574778786,-0.7804989691364191,1.3777528032871837
6099,0.5244933134791872,-0.6744459935149103,1.4051929430304133
6100,0.4963387405314016,-0.5898194795942733,1.4418289230936967
6101,0.452372279890652,-0.516051893481926,1.4680029793025788
6102,0.4181222434471354,-0.46927545036982277,1.4510554199878558
6103,0.3986143696946227,-0.4741755774177604,1.4457596862408613
6104,0.3920107774848116,-0.5097778312142313,1.4762838376042382
6105,0.3808618545326465,-0.5118200577456335,1.5140711162072265
6106,0.33958902302525595,-0.48841673506843886,1.5533070177999475
6107,0.25825990739697613,-0.47589070192581673,1.5919700357307174
6108,0.178767845823791,-0.46900074870323477,1.6395794516677595
6109,0.12799743631382435,-0.44579913004696137,1.6854726712248032
6110,0.10787292455449508,-0.42388929757864413,1.7295609017031264
6111,0.09928410187342632,-0.4160243081861454,1.7418826712940436
6112,0.1120565220804932,-0.4067615579534289,1.7356525931010673
6113,0.15056656879020872,-0.4006274345203549,1.7082524998764999
6114,0.2030792501417353,-0.40773822162933443,1.689148710296318
6115,0.22599089258750826,-0.4310818868738862,1.6878583346710114
6116,0.216589284077426,-0.45918539348621645,1.70799391388862
6117,0.17526297165602267,-0.4641773545606106,1.7281962475702342
6118,0.11390953103036452,-0.4520789552866825,1.7495215767172554
6119,0.07757399907450274,-0.4442225569913713,1.7610589251457474
6120,0.05399613305010344,-0.42178442540688155,1.7780524816397367
6121,0.031231606473558056,-0.4175415706546313,1.8005759400741785
6122,0.01385777576987454,-0.4133334004562431,1.8026245678600001
6123,0.009043670584331538,-0.42621492359552604,1.7781935681153511
6124,0.006303743824791317,-0.4665433747425288,1.7825999984206689
6125,0.01185046641229901,-0.5157589957647732,1.7970633114299082
6126,-0.00469986835572115,-0.5510614637428418,1.828592778519998
6127,-0.09052123610314129,-0.5862971201936245,1.8629507631172213
6128,-0.19184065427762353,-0.6212268106035237,1.8927866982306285
6129,-0.30533629185870864,-0.6380088126737308,1.937038213359247
6130,-0.4354559559614395,-0.6374589305843584,1.9669608654245625
6131,-0.5481966842277154,-0.6307838505962626,1.9908488174597214
6132,-0.6434102668908406,-0.6116698410539505,1.989490459924455
6133,-0.7185603292485818,-0.5788414277647411,1.9877306142490516
6134,-0.7370643786514726,-0.5609662343548117,1.9833390042100665
6135,-0.708765891485585,-0.5651504301991244,1.9798436454738129
6136,-0.67127999961014,-0.5979019320393346,1.9729916925706923
6137,-0.6607041988899075,-0.6163753084508163,1.972462567796484
6138,-0.6707674152649099,-0.6184437829110233,1.9779177403762789
6139,-0.6997662102536997,-0.6059336406168812,1.9926500712686641
6140,-0.7238418263064467,-0.5852905717104484,2.0241292986311015
6141,-0.7372337993568758,-0.5568203113635442,2.0469576848432633
6142,-0.7380063044126638,-0.5423253767713777,2.057428449885078
6143,-0.715417481781856,-0.5282738741410874,2.0335577087364274
6144,-0.6616050901558372,-0.5384020628405596,2.027966360376137
6145,-0.5921622377339795,-0.5847406866381308,2.075791239489931
6146,-0.5680979875427289,-0.6238954329394386,2.120052879033125
6147,-0.6156106503311949,-0.6451341746492839,2.1663008425229373
6148,-0.7055895334037431,-0.6391189288297039,2.218726456849792
6149,-0.7832321878845733,-0.6293233067520699,2.283021438455321
6150,-0.8493255796203912,-0.5950713065958665,2.346186240278908
6151,-0.8870369744567921,-0.49744533788215983,2.4225055236815436
6152,-0.909270947421164,-0.3707995186117037,2.4679848545667538
6153,-0.9395373294514846,-0.27224989551684053,2.4641966712296623
6154,-1.002060346573587,-0.22741896239171638,2.417633050770843
6155,-1.1001756885526048,-0.22187132808402482,2.3931605247415915
6156,-1.1902578723196364,-0.16066824499935897,2.4328560068100966
6157,-1.2370710199339594,-0.06186922662201409,2.4837582855770983
6158,-1.2815009716360504,0.07437063373139402,2.5376955210839354
6159,-1.2997988152149655,0.3013553321685435,2.6185794928372035
6160,-1.2826460924160534,0.522285041871652,2.692622408463747
6161,-1.2429074006624594,0.7144431951221469,2.799603394645465
6162,-1.1619220435652027,0.9736653479357569,2.9071476564541037
6163,-1.0173026605312827,1.2448703630530629,2.96858378480197
6164,-0.8307987984945079,1.4151295605126617,2.9681899827816327
6165,-0.5998232552693427,1.4835398265914153,2.9353470063042466
6166,-0.42651617228603167,1.4610938459942595,2.9106348854016693
6167,-0.29356344714341576,1.4303429241124654,2.861036748236548
6168,-0.23427633881409407,1.3003103133050251,2.823660749395684
6169,-0.23608735277336615,1.1524815739400125,2.8635681801938335
6170,-0.268780586356994,0.9105469380411393,2.919644520675613
6171,-0.3142206602892153,0.5662890150468668,2.9422261298881636
6172,-0.3141389381442309,0.336389746457439,2.9811690143548715
6173,-0.38070609420537943,0.08194006403424173,2.974634462131238
6174,-0.6123682848753108,-0.19352657705937054,2.8969864971152726
6175,-0.8454941103573718,-0.3663675529996266,2.8262483168171153
6176,-1.0254815984970855,-0.5586492496083999,2.8023858353701843
6177,-1.1721024654404772,-0.8364940517176332,2.779411702979427
6178,-1.2683065547600023,-1.0479391720847686,2.7591048594365697
6179,-1.4211630556941597,-1.287214409294787,2.7279273465547007
6180,-1.6316564878454822,-1.4729276688458062,2.712946434684044
6181,-1.8429402950718385,-1.5072564198644163,2.7147961302440637
6182,-1.9647475117923467,-1.4246195488742845,2.736698779630978
6183,-2.007542485151535,-1.3675408683775299,2.757895692689141
6184,-2.0118832955215398,-1.3879034710233444,2.7617998178395777
6185,-1.997221295684278,-1.386648520292275,2.74386725705808
6186,-1.9344790164294632,-1.3197386266915319,2.7057288654061677
6187,-1.867867326353076,-1.2352930411646348,2.694280005477261
6188,-1.8263699980046928,-1.1643933913659978,2.674821209545301
6189,-1.8701722135400152,-1.1388668028992543,2.676058551051893
6190,-1.9825120965355116,-1.124311748199073,2.6874925235007283
6191,-2.1411184056429335,-1.0997197746688983,2.7200997576702544
6192,-2.2603926482580734,-1.0735075953460844,2.7429317371365975
6193,-2.350049993124325,-1.0235283435211042,2.79210194640442
6194,-2.4239975618603866,-0.9576052416029364,2.8421473258086336
